xof 0303txt 0032
template XSkinMeshHeader {
 <3cf169ce-ff7c-44ab-93c0-f78f62d172e2>
 WORD nMaxSkinWeightsPerVertex;
 WORD nMaxSkinWeightsPerFace;
 WORD nBones;
}

template VertexDuplicationIndices {
 <b8d65549-d7c9-4995-89cf-53a9a8b031e3>
 DWORD nIndices;
 DWORD nOriginalVertices;
 array DWORD indices[nIndices];
}

template SkinWeights {
 <6f0d123b-bad2-4167-a0d0-80224f25fabb>
 STRING transformNodeName;
 DWORD nWeights;
 array DWORD vertexIndices[nWeights];
 array FLOAT weights[nWeights];
 Matrix4x4 matrixOffset;
}

template AnimTicksPerSecond {
 <9e415a43-7ba6-4a73-8743-b73d47e88476>
 DWORD AnimTicksPerSecond;
}

template VertexElement {
 <f752461c-1e23-48f6-b9f8-8350850f336f>
 DWORD Type;
 DWORD Method;
 DWORD Usage;
 DWORD UsageIndex;
}

template DeclData {
 <bf22e553-292c-4781-9fea-62bd554bdd93>
 DWORD nElements;
 array VertexElement Elements[nElements];
 DWORD nDWords;
 array DWORD data[nDWords];
}


AnimTicksPerSecond {
 4800;
}

Frame Dummy01 {
 

 FrameTransformMatrix {
  1.000000,0.000000,0.000000,0.000000,0.000000,-0.000000,-1.000000,0.000000,0.000000,1.000000,-0.000000,0.000000,0.000000,0.000000,0.000000,1.000000;;
 }

 Frame Bip01 {
  

  FrameTransformMatrix {
   -0.489721,0.856107,0.165090,0.000000,0.089573,-0.138946,0.986241,0.000000,0.867266,0.497771,-0.008639,0.000000,0.009533,-0.010862,0.491068,1.000000;;
  }

  Frame Bip01_Pelvis {
   

   FrameTransformMatrix {
    -0.000000,0.996195,-0.087157,0.000000,-0.000001,0.087157,0.996195,0.000000,1.000000,0.000000,0.000001,0.000000,0.000000,0.000000,0.000000,1.000000;;
   }

   Frame Bip01_Spine {
    

    FrameTransformMatrix {
     0.992530,0.043980,0.113798,0.000000,-0.063171,0.983249,0.170973,0.000000,-0.104372,-0.176885,0.978682,0.000000,0.051446,0.004515,-0.000083,1.000000;;
    }

    Frame Bip01_Spine1 {
     

     FrameTransformMatrix {
      0.933237,-0.051261,0.355586,0.000000,-0.022406,0.979537,0.200014,0.000000,-0.358562,-0.194628,0.912991,0.000000,0.106510,0.000017,-0.000077,1.000000;;
     }

     Frame Bip01_Neck {
      

      FrameTransformMatrix {
       0.986230,0.164755,0.014375,0.000000,-0.132893,0.841227,-0.524095,0.000000,-0.098440,0.514968,0.851538,0.000000,0.130507,-0.000014,0.004629,1.000000;;
      }

      Frame Bip01_Head {
       

       FrameTransformMatrix {
        0.969829,0.003128,-0.243767,0.000000,-0.072068,0.958906,-0.274419,0.000000,0.232891,0.283707,0.930200,0.000000,0.033674,0.000000,0.000000,1.000000;;
       }

       Frame Bip01_HeadNub {
        

        FrameTransformMatrix {
         1.000000,0.000000,0.000000,0.000000,0.000000,1.000000,0.000000,0.000000,-0.000000,0.000000,1.000000,0.000000,0.169824,0.000000,0.000000,1.000000;;
        }
       }
      }

      Frame Bip01_L_Clavicle {
       

       FrameTransformMatrix {
        -0.016580,0.862857,0.505177,0.000000,0.999684,0.023862,-0.007948,0.000000,-0.018913,0.504885,-0.862980,0.000000,-0.021172,0.018850,0.006523,1.000000;;
       }

       Frame Bip01_L_UpperArm {
        

        FrameTransformMatrix {
         0.517124,-0.703120,-0.488062,0.000000,0.854266,0.388662,0.345213,0.000000,-0.053035,-0.595453,0.801638,0.000000,0.087086,-0.000000,0.000000,1.000000;;
        }

        Frame Bip01_L_Forearm {
         

         FrameTransformMatrix {
          -0.275602,0.000000,-0.961272,0.000000,-0.000000,1.000000,-0.000000,0.000000,0.961272,0.000000,-0.275602,0.000000,0.137062,0.000000,0.000000,1.000000;;
         }

         Frame Bip01_L_Hand {
          

          FrameTransformMatrix {
           0.895609,-0.205678,0.394437,0.000000,-0.228475,-0.973486,0.011154,0.000000,0.381685,-0.100109,-0.918855,0.000000,0.137062,0.000000,0.000000,1.000000;;
          }

          Frame Bip01_L_Finger0 {
           

           FrameTransformMatrix {
            0.330705,-0.816856,0.472632,0.000000,0.892482,0.433495,0.124735,0.000000,-0.306775,0.380566,0.872388,0.000000,0.057681,-0.023605,-0.000272,1.000000;;
           }

           Frame Bip01_L_Finger0Nub {
            

            FrameTransformMatrix {
             1.000000,0.000000,0.000000,0.000000,-0.000000,1.000000,-0.000000,0.000000,-0.000000,-0.000000,1.000000,0.000000,0.029435,-0.000000,-0.000000,1.000000;;
            }
           }
          }

          Frame Bip01_L_Finger1 {
           

           FrameTransformMatrix {
            0.734090,-0.099616,0.671705,0.000000,-0.028412,0.983809,0.176953,0.000000,-0.678457,-0.148984,0.719375,0.000000,0.084102,-0.000000,0.000000,1.000000;;
           }

           Frame Bip01_L_Finger1Nub {
            

            FrameTransformMatrix {
             1.000000,0.000000,0.000000,0.000000,0.000000,1.000000,0.000000,0.000000,0.000000,0.000000,1.000000,0.000000,0.047988,0.000000,-0.000000,1.000000;;
            }
           }
          }
         }
        }
       }
      }

      Frame Bip01_R_Clavicle {
       

       FrameTransformMatrix {
        -0.048271,-0.987263,0.151601,0.000000,-0.991814,0.065339,0.109706,0.000000,-0.118214,-0.145064,-0.982335,0.000000,-0.026350,-0.007589,-0.009662,1.000000;;
       }

       Frame Bip01_R_UpperArm {
        

        FrameTransformMatrix {
         0.205032,0.022971,-0.978486,0.000000,-0.390711,0.918536,-0.060306,0.000000,0.897389,0.394670,0.197305,0.000000,0.087086,0.000000,0.000000,1.000000;;
        }

        Frame Bip01_R_Forearm {
         

         FrameTransformMatrix {
          0.495065,0.000000,-0.868856,0.000000,0.000000,1.000000,0.000000,0.000000,0.868856,0.000000,0.495065,0.000000,0.137062,-0.000000,-0.000000,1.000000;;
         }

         Frame Bip01_R_Hand {
          

          FrameTransformMatrix {
           0.846341,-0.082157,0.526267,0.000000,0.289244,-0.758771,-0.583614,0.000000,0.447264,0.646156,-0.618416,0.000000,0.137062,0.000000,0.000000,1.000000;;
          }

          Frame Bip01_R_Finger0 {
           

           FrameTransformMatrix {
            -0.119180,0.310912,0.942937,0.000000,-0.869176,0.426391,-0.250449,0.000000,-0.479928,-0.849426,0.219420,0.000000,0.057681,0.023605,-0.000272,1.000000;;
           }

           Frame Bip01_R_Finger0Nub {
            

            FrameTransformMatrix {
             -1.000000,0.000000,-0.000000,0.000000,0.000000,1.000000,-0.000000,0.000000,-0.000000,0.000000,-1.000000,0.000000,0.029435,0.000000,0.000000,1.000000;;
            }
           }
          }

          Frame Bip01_R_Finger1 {
           

           FrameTransformMatrix {
            0.077369,0.000794,0.997002,0.000000,0.000000,1.000000,-0.000796,0.000000,-0.997002,0.000062,0.077369,0.000000,0.084102,0.000000,0.000000,1.000000;;
           }

           Frame Bip01_R_Finger1Nub {
            

            FrameTransformMatrix {
             -1.000000,0.000000,-0.000000,0.000000,0.000000,1.000000,-0.000000,0.000000,-0.000000,0.000000,-1.000000,0.000000,0.047988,-0.000000,0.000000,1.000000;;
            }
           }
          }
         }
        }
       }
      }
     }

     Frame Bip01_BackPack {
      

      FrameTransformMatrix {
       0.068803,-0.000002,-0.997630,0.000000,0.000003,1.000000,-0.000002,0.000000,0.997630,-0.000003,0.068803,0.000000,0.063696,-0.000000,-0.088851,1.000000;;
      }

      Frame Bip01_BackPackNub {
       

       FrameTransformMatrix {
        0.000796,0.000003,1.000000,0.000000,-0.000000,-1.000000,0.000003,0.000000,1.000000,0.000000,-0.000796,0.000000,0.053240,0.000000,0.000000,1.000000;;
       }
      }
     }
    }

    Frame Bip01_L_Thigh {
     

     FrameTransformMatrix {
      -0.966301,0.218369,0.136295,0.000000,-0.130316,-0.871610,0.472561,0.000000,0.221989,0.438875,0.870695,0.000000,-0.048822,0.053125,-0.003519,1.000000;;
     }

     Frame Bip01_L_Calf {
      

      FrameTransformMatrix {
       0.952151,0.000000,-0.305627,0.000000,0.000000,1.000000,0.000000,0.000000,0.305627,-0.000000,0.952151,0.000000,0.237500,-0.000000,0.000000,1.000000;;
      }

      Frame Bip01_L_Foot {
       

       FrameTransformMatrix {
        0.995437,0.089107,0.034118,0.000000,-0.094944,0.960555,0.261383,0.000000,-0.009481,-0.263430,0.964632,0.000000,0.206841,0.000000,0.000000,1.000000;;
       }

       Frame Bip01_L_Toe0 {
        

        FrameTransformMatrix {
         -0.281151,0.092897,0.955157,0.000000,0.009529,0.995525,-0.094018,0.000000,-0.959616,-0.017332,-0.280778,0.000000,0.065373,0.000000,0.066450,1.000000;;
        }

        Frame Bip01_L_Toe0Nub {
         

         FrameTransformMatrix {
          -1.000000,0.000000,0.000000,0.000000,-0.000000,1.000000,-0.000000,0.000000,0.000000,-0.000000,-1.000000,0.000000,0.006735,0.000000,-0.000000,1.000000;;
         }
        }
       }
      }
     }
    }

    Frame Bip01_R_Thigh {
     

     FrameTransformMatrix {
      -0.968080,-0.196262,0.155891,0.000000,0.218827,-0.965097,0.143885,0.000000,0.122211,0.173406,0.977238,0.000000,-0.053679,-0.055476,0.016018,1.000000;;
     }

     Frame Bip01_R_Calf {
      

      FrameTransformMatrix {
       0.868533,-0.000000,-0.495632,0.000000,-0.000000,1.000000,0.000000,0.000000,0.495632,-0.000000,0.868533,0.000000,0.237500,0.000000,-0.000000,1.000000;;
      }

      Frame Bip01_R_Foot {
       

       FrameTransformMatrix {
        0.923645,-0.196318,0.329149,0.000000,0.231866,0.970075,-0.072057,0.000000,-0.305154,0.142874,0.941524,0.000000,0.206841,0.000000,-0.000000,1.000000;;
       }

       Frame Bip01_R_Toe0 {
        

        FrameTransformMatrix {
         0.793109,-0.384601,0.472293,0.000000,-0.009866,0.767206,0.641324,0.000000,-0.609000,-0.513300,0.604684,0.000000,0.065373,-0.000000,0.066450,1.000000;;
        }

        Frame Bip01_R_Toe0Nub {
         

         FrameTransformMatrix {
          1.000000,0.000000,0.000000,0.000000,-0.000000,1.000000,0.000000,0.000000,0.000000,0.000000,1.000000,0.000000,0.006735,-0.000000,0.000000,1.000000;;
         }
        }
       }
      }
     }
    }
   }

   Frame Bip01_DressFront {
    

    FrameTransformMatrix {
     -0.997354,-0.051360,-0.051450,0.000000,-0.051294,0.998680,-0.002606,0.000000,0.051516,0.000040,-0.998672,0.000000,-0.044009,0.001399,0.061087,1.000000;;
    }

    Frame Bip01_DressFront02 {
     

     FrameTransformMatrix {
      1.000000,-0.000000,0.000000,0.000000,0.000000,1.000000,-0.000000,0.000000,-0.000000,-0.000000,1.000000,0.000000,0.183324,0.000000,-0.000132,1.000000;;
     }

     Frame Bip01_DressFrontNub {
      

      FrameTransformMatrix {
       0.000796,0.000003,1.000000,0.000000,-0.000000,-1.000000,0.000003,0.000000,1.000000,-0.000000,-0.000796,0.000000,0.165302,-0.000000,0.000000,1.000000;;
      }
     }
    }
   }

   Frame Bip01_DressBack {
    

    FrameTransformMatrix {
     -0.996897,-0.075512,0.022223,0.000000,-0.074193,0.995718,0.055147,0.000000,-0.026292,0.053327,-0.998231,0.000000,-0.047729,-0.000007,-0.078279,1.000000;;
    }

    Frame Bip01_DressBack02 {
     

     FrameTransformMatrix {
      0.974078,0.000001,0.226213,0.000000,-0.000001,1.000000,-0.000000,0.000000,-0.226213,-0.000000,0.974078,0.000000,0.176183,-0.000000,-0.000106,1.000000;;
     }

     Frame Bip01_DressBackNub {
      

      FrameTransformMatrix {
       0.000796,0.000003,1.000000,0.000000,0.000000,-1.000000,0.000003,0.000000,1.000000,-0.000000,-0.000796,0.000000,0.136508,0.000000,0.000000,1.000000;;
      }
     }
    }
   }
  }

  Frame Bip01_Prop1 {
   

   FrameTransformMatrix {
    0.489721,-0.089574,-0.867266,0.000000,0.856107,-0.138946,0.497770,0.000000,-0.165090,-0.986241,0.008640,0.000000,0.288961,0.226994,0.053269,1.000000;;
   }
  }

  Frame Bip01_Prop2 {
   

   FrameTransformMatrix {
    -0.056610,-0.709518,-0.702410,0.000000,-0.081550,-0.697901,0.711536,0.000000,-0.995060,0.097562,-0.018353,0.000000,0.234133,0.161117,0.085301,1.000000;;
   }
  }
 }
}

Frame Translation_Data {
 

 FrameTransformMatrix {
  1.000000,0.000000,0.000000,0.000000,0.000000,-0.000000,-1.000000,0.000000,0.000000,1.000000,-0.000000,0.000000,0.000000,-0.000000,0.000000,1.000000;;
 }
}

Frame Body {
 

 FrameTransformMatrix {
  1.000000,0.000000,0.000000,0.000000,0.000000,1.000000,0.000000,0.000000,0.000000,0.000000,1.000000,0.000000,0.000000,0.000000,0.000000,1.000000;;
 }

 Mesh Body {
  617;
  0.009036;0.742983;-0.065017;,
  -0.012453;0.767817;-0.028486;,
  -0.014788;0.735119;-0.038264;,
  0.016721;0.723050;-0.071154;,
  0.022645;0.711106;-0.075943;,
  -0.015387;0.700705;-0.049839;,
  0.001741;0.672270;-0.056205;,
  0.047646;0.682021;-0.063839;,
  0.010432;0.797369;-0.008401;,
  0.039780;0.777067;-0.038917;,
  0.065299;0.781491;-0.027935;,
  0.048974;0.787763;-0.002125;,
  0.101832;0.539662;0.012666;,
  0.077666;0.527819;0.052643;,
  0.077289;0.542208;0.046557;,
  0.094529;0.550306;0.011179;,
  0.061026;0.558990;-0.032779;,
  0.082587;0.531339;-0.025148;,
  0.021339;0.557106;-0.044919;,
  0.025361;0.502232;-0.043629;,
  0.055995;0.512320;-0.047475;,
  -0.043627;0.700540;-0.020041;,
  -0.039141;0.668012;-0.020702;,
  0.040857;0.520407;0.072002;,
  0.040655;0.537113;0.068176;,
  0.095443;0.653299;0.033000;,
  0.061560;0.652856;0.072411;,
  0.061172;0.697766;0.069609;,
  0.095374;0.700500;0.024157;,
  0.049401;0.467027;-0.066384;,
  0.063710;0.374246;-0.097799;,
  0.106948;0.369126;-0.078834;,
  0.092569;0.460452;-0.041263;,
  0.069084;0.282367;-0.127480;,
  0.106586;0.275958;-0.090838;,
  0.009539;0.456712;-0.037647;,
  0.051883;0.420120;0.050811;,
  0.045379;0.341555;0.004725;,
  0.022747;0.361349;-0.065042;,
  0.062195;0.264108;-0.043228;,
  0.050710;0.268939;-0.083531;,
  0.105226;0.428281;0.008369;,
  0.121264;0.352709;-0.017835;,
  0.101623;0.271450;-0.050709;,
  0.129540;-0.000568;-0.077591;,
  0.085119;-0.002806;-0.084431;,
  0.086395;-0.003829;-0.035639;,
  0.121104;-0.002031;-0.032967;,
  0.081620;0.221363;-0.108616;,
  0.089355;0.147675;-0.109693;,
  0.123619;0.148426;-0.087196;,
  0.117969;0.222921;-0.086448;,
  0.102295;0.068353;-0.110344;,
  0.124797;0.068645;-0.084131;,
  0.047929;0.197700;-0.078460;,
  0.058020;0.211367;-0.025374;,
  0.070260;0.147812;-0.037608;,
  0.065687;0.140968;-0.079636;,
  0.094040;0.075198;-0.057535;,
  0.088297;0.058881;-0.087729;,
  0.127410;0.227241;-0.038109;,
  0.130881;0.153685;-0.049709;,
  0.117307;0.082430;-0.059906;,
  0.090044;0.502582;-0.028923;,
  -0.016327;0.493464;-0.035357;,
  -0.009940;0.457232;-0.029640;,
  0.009539;0.456712;-0.037647;,
  0.118095;0.488573;0.015804;,
  0.086226;0.479443;0.060335;,
  0.108228;0.440050;0.011880;,
  0.076546;0.435072;0.048504;,
  0.088898;0.600731;0.035320;,
  0.105716;0.651227;-0.001431;,
  0.101624;0.654929;-0.021284;,
  0.060184;0.653293;-0.053418;,
  0.057972;0.605212;-0.035869;,
  0.096269;0.602725;-0.004234;,
  0.011946;0.646954;-0.053598;,
  0.022229;0.600645;-0.042305;,
  -0.029235;0.650202;-0.021659;,
  -0.017005;0.594053;-0.013845;,
  0.055013;0.730888;-0.115453;,
  0.013036;0.721830;-0.083025;,
  0.067484;0.688116;-0.139537;,
  0.017770;0.668201;-0.112669;,
  0.039897;0.625200;-0.121047;,
  0.079150;0.640154;-0.145239;,
  0.046088;0.691187;-0.042032;,
  0.054010;0.645054;-0.062506;,
  0.017770;0.668201;-0.112669;,
  0.055759;0.593313;-0.108268;,
  0.039897;0.625200;-0.121047;,
  0.057137;0.692007;-0.039651;,
  0.090703;0.706901;-0.065458;,
  0.103837;0.665237;-0.089222;,
  0.094806;0.608050;-0.132614;,
  0.077062;0.723853;-0.096465;,
  0.076641;0.662635;-0.143157;,
  0.029403;0.647913;-0.113964;,
  -0.000015;0.677021;-0.158342;,
  0.031561;0.685408;-0.175073;,
  -0.017554;0.697859;-0.195379;,
  -0.005060;0.701046;-0.205823;,
  0.029403;0.647913;-0.113964;,
  0.028895;0.591765;-0.142047;,
  0.005089;0.629376;-0.189611;,
  -0.000015;0.677021;-0.158342;,
  -0.022055;0.669574;-0.203519;,
  -0.017554;0.697859;-0.195379;,
  0.075872;0.606577;-0.170963;,
  0.029491;0.635976;-0.202062;,
  -0.008499;0.669687;-0.222411;,
  -0.097992;0.729325;-0.293413;,
  -0.081093;0.734591;-0.280352;,
  -0.095306;0.717444;-0.237660;,
  -0.111686;0.712394;-0.250976;,
  -0.033089;0.731764;-0.274837;,
  -0.043541;0.733679;-0.278428;,
  -0.044544;0.724837;-0.284900;,
  -0.029735;0.724723;-0.283514;,
  -0.055389;0.702281;-0.201348;,
  -0.082224;0.694423;-0.226128;,
  -0.044325;0.707423;-0.260478;,
  -0.025579;0.722706;-0.235500;,
  -0.047991;0.667185;-0.213389;,
  -0.084940;0.678271;-0.237522;,
  -0.015928;0.687553;-0.248874;,
  -0.047894;0.690397;-0.270166;,
  0.060858;0.773919;-0.062234;,
  0.042483;0.766875;-0.084651;,
  0.039780;0.777067;-0.038917;,
  0.020154;0.767782;-0.054781;,
  0.106725;0.701644;-0.014707;,
  -0.000071;0.784058;-0.030730;,
  0.028481;0.745532;-0.089852;,
  0.009036;0.742983;-0.065017;,
  0.016721;0.723050;-0.071154;,
  0.034435;0.728351;-0.087521;,
  0.087883;0.743019;-0.033731;,
  0.081342;0.742182;0.008431;,
  0.085561;0.745599;-0.038511;,
  0.048810;0.736542;0.056267;,
  0.016413;0.780670;0.031568;,
  0.065299;0.781491;-0.027935;,
  0.085561;0.745599;-0.038511;,
  0.045582;0.711370;-0.056737;,
  0.081023;0.734696;-0.043418;,
  0.013036;0.721830;-0.083025;,
  0.085917;0.692131;-0.036499;,
  0.057414;0.681758;-0.053077;,
  0.022645;0.711106;-0.075943;,
  0.100222;0.698255;-0.030612;,
  -0.025579;0.722706;-0.235500;,
  -0.000146;0.816811;0.014264;,
  0.005251;0.812561;-0.007718;,
  -0.005711;0.799748;0.015759;,
  -0.024150;0.818039;0.026937;,
  -0.047894;0.690397;-0.270166;,
  -0.097992;0.729325;-0.293413;,
  -0.111686;0.712394;-0.250976;,
  -0.026671;0.724323;-0.257469;,
  -0.026642;0.706451;-0.276219;,
  -0.026671;0.724323;-0.257469;,
  -0.043515;0.722927;-0.263049;,
  -0.047982;0.700904;-0.273088;,
  -0.047982;0.700904;-0.273088;,
  -0.033089;0.731764;-0.274837;,
  -0.029735;0.724723;-0.283514;,
  -0.044544;0.724837;-0.284900;,
  0.140968;0.023275;-0.153174;,
  0.112829;0.019525;-0.193266;,
  0.115747;0.001224;-0.200738;,
  0.148268;0.002154;-0.160351;,
  0.081749;0.029592;-0.045872;,
  0.086395;-0.003829;-0.035639;,
  0.085119;-0.002806;-0.084431;,
  0.082619;0.022100;-0.086567;,
  0.094040;0.075198;-0.057535;,
  0.117307;0.082430;-0.059906;,
  0.122966;0.034784;-0.042839;,
  0.129540;-0.000568;-0.077591;,
  0.121104;-0.002031;-0.032967;,
  0.129005;0.034440;-0.079253;,
  0.102295;0.068353;-0.110344;,
  0.124797;0.068645;-0.084131;,
  0.080109;-0.000841;-0.193269;,
  0.084767;0.014809;-0.185230;,
  0.148268;0.002154;-0.160351;,
  0.080109;-0.000841;-0.193269;,
  0.022747;0.361349;-0.065042;,
  0.050710;0.268939;-0.083531;,
  0.047929;0.197700;-0.078460;,
  0.065687;0.140968;-0.079636;,
  0.088297;0.058881;-0.087729;,
  0.088297;0.058881;-0.087729;,
  0.014605;0.436599;0.011293;,
  0.014158;0.817267;-0.021395;,
  0.005362;0.812757;-0.040443;,
  -0.002841;0.805340;-0.038510;,
  -0.005097;0.806043;-0.022659;,
  0.005397;0.835631;0.002356;,
  -0.002789;0.844776;0.023137;,
  -0.025717;0.952232;-0.032374;,
  -0.045735;0.954920;-0.031713;,
  -0.045385;0.942454;-0.058836;,
  -0.006614;0.886996;-0.079574;,
  -0.012726;0.914897;-0.071393;,
  -0.023586;0.884259;-0.085672;,
  0.016924;0.845325;-0.017918;,
  0.009168;0.833465;-0.044076;,
  0.011786;0.828430;-0.012526;,
  0.015219;0.880382;-0.000833;,
  0.014053;0.890199;-0.023290;,
  0.009641;0.926647;-0.029356;,
  0.000446;0.923197;-0.055503;,
  0.009457;0.885172;-0.049674;,
  0.001799;0.891387;0.035983;,
  0.012750;0.884072;0.015374;,
  -0.036872;0.888701;0.048356;,
  -0.041824;0.935886;0.034986;,
  -0.009258;0.936999;0.023752;,
  0.012134;0.862656;-0.048491;,
  -0.002443;0.855955;-0.071293;,
  0.000363;0.822853;-0.057541;,
  -0.012101;0.796878;-0.068628;,
  -0.031455;0.791458;-0.077377;,
  -0.030624;0.789649;-0.056330;,
  -0.018784;0.933826;-0.062599;,
  -0.005137;0.943875;-0.032513;,
  0.005496;0.935597;0.004430;,
  -0.009900;0.951497;-0.004057;,
  -0.044673;0.956004;0.005657;,
  -0.027382;0.955398;0.002812;,
  -0.033541;0.850322;0.036946;,
  0.005496;0.935597;0.004430;,
  -0.009900;0.951497;-0.004057;,
  0.022871;0.848604;-0.018763;,
  0.031336;0.876907;-0.001266;,
  0.024234;0.895254;-0.009419;,
  0.018787;0.875995;-0.014148;,
  0.031336;0.876907;-0.001266;,
  0.022871;0.848604;-0.018763;,
  0.024234;0.895254;-0.009419;,
  0.014053;0.890199;-0.023290;,
  0.016677;0.866048;-0.029864;,
  0.016924;0.845325;-0.017918;,
  -0.004863;0.878080;-0.071436;,
  0.016677;0.866048;-0.029864;,
  -0.000071;0.784058;-0.030730;,
  0.005251;0.812561;-0.007718;,
  0.020154;0.767782;-0.054781;,
  0.005397;0.835631;0.002356;,
  -0.041695;0.751591;-0.017439;,
  -0.041229;0.727387;-0.017127;,
  -0.017590;0.552405;-0.026027;,
  0.049440;0.473640;0.079991;,
  0.047485;0.440548;0.071176;,
  0.028955;0.418945;0.052578;,
  -0.034110;0.787644;-0.038097;,
  0.014605;0.436599;0.011293;,
  -0.027382;0.955398;0.002812;,
  -0.044673;0.956004;0.005657;,
  -0.014669;0.828319;-0.073979;,
  -0.024557;0.850203;-0.080697;,
  -0.023451;0.840615;-0.080949;,
  -0.044858;0.932989;-0.071088;,
  -0.043175;0.911225;-0.084160;,
  -0.024520;0.875200;-0.076369;,
  0.054952;0.598142;0.068023;,
  0.020154;0.767782;-0.054781;,
  0.115747;0.001224;-0.200738;,
  -0.014625;0.821711;-0.073730;,
  -0.022274;0.818939;-0.080447;,
  -0.022805;0.823709;-0.076829;,
  -0.037330;0.846906;-0.094901;,
  -0.036222;0.838415;-0.085553;,
  -0.023581;0.827596;-0.081621;,
  -0.034463;0.822892;-0.076982;,
  -0.033999;0.816165;-0.082822;,
  -0.040558;0.881523;-0.091771;,
  -0.039539;0.872171;-0.087906;,
  0.081023;0.734696;-0.043418;,
  -0.035068;0.826586;-0.084999;,
  0.053704;0.718313;-0.043656;,
  0.045582;0.711370;-0.056737;,
  0.022645;0.711106;-0.075943;,
  0.012750;0.884072;0.015374;,
  0.081620;0.221363;-0.108616;,
  0.017861;0.221775;-0.099282;,
  0.032081;0.145515;-0.105960;,
  0.089355;0.147675;-0.109693;,
  0.069084;0.282367;-0.127480;,
  0.017371;0.280826;-0.104715;,
  0.063710;0.374246;-0.097799;,
  0.004235;0.370329;-0.077647;,
  0.049401;0.467028;-0.066384;,
  -0.002247;0.457188;-0.060438;,
  0.025361;0.502232;-0.043629;,
  0.035384;0.073315;-0.114076;,
  0.102295;0.068353;-0.110344;,
  0.079421;0.137475;-0.010604;,
  0.090033;0.068135;-0.014476;,
  0.043920;0.058903;0.065241;,
  0.039342;0.131639;0.058120;,
  0.030353;0.198007;0.044585;,
  0.065114;0.209707;-0.012681;,
  0.030103;0.257678;0.044006;,
  0.061389;0.257245;-0.012951;,
  0.047429;0.337970;0.019104;,
  0.034140;0.340456;0.052984;,
  0.046773;0.412960;0.068081;,
  0.053704;0.718313;-0.043656;,
  -0.080954;0.741895;0.013056;,
  -0.086963;0.720909;0.024156;,
  -0.056709;0.733256;0.013396;,
  -0.048525;0.766156;0.014047;,
  -0.083437;0.705700;0.056106;,
  -0.072236;0.676380;0.071189;,
  -0.069684;0.668909;0.024243;,
  -0.066937;0.698414;0.013687;,
  -0.027252;0.795603;0.035058;,
  -0.010058;0.785139;0.070623;,
  -0.041532;0.776081;0.088122;,
  -0.070127;0.771826;0.050478;,
  -0.043492;0.526768;0.093311;,
  -0.035934;0.539539;0.089850;,
  0.004168;0.536173;0.090648;,
  0.004391;0.521317;0.093306;,
  -0.060414;0.548967;0.040450;,
  -0.064257;0.518310;0.056340;,
  -0.052676;0.550997;-0.000288;,
  -0.066162;0.501526;0.019547;,
  -0.046164;0.495886;-0.003937;,
  0.040655;0.537113;0.068176;,
  0.040857;0.520407;0.072002;,
  0.022435;0.649646;0.106387;,
  0.020004;0.696953;0.109048;,
  0.061172;0.697766;0.069609;,
  0.061560;0.652856;0.072411;,
  -0.067674;0.454125;-0.001664;,
  -0.079437;0.450649;0.047573;,
  -0.114581;0.358153;0.039423;,
  -0.095977;0.358838;-0.004267;,
  -0.120385;0.264535;0.040665;,
  -0.118485;0.261138;-0.011389;,
  -0.017313;0.443455;-0.006605;,
  -0.043383;0.346815;-0.006869;,
  -0.011962;0.335304;0.061334;,
  0.030777;0.418247;0.062524;,
  -0.074407;0.254695;0.008829;,
  -0.055079;0.258227;0.045355;,
  -0.083124;0.348650;0.095239;,
  -0.048660;0.422009;0.093071;,
  -0.089273;0.267053;0.065782;,
  -0.098285;-0.001503;0.121539;,
  -0.065688;-0.001525;0.153193;,
  -0.038775;-0.001071;0.131045;,
  -0.065809;-0.000926;0.090395;,
  -0.107465;0.205124;0.026528;,
  -0.118404;0.216777;0.066020;,
  -0.112865;0.146299;0.090191;,
  -0.103750;0.135529;0.051699;,
  -0.101506;0.069994;0.115420;,
  -0.101696;0.063520;0.081379;,
  -0.059490;0.188041;0.029840;,
  -0.065296;0.135553;0.057165;,
  -0.040619;0.154827;0.086384;,
  -0.032082;0.217597;0.068336;,
  -0.074338;0.060338;0.090875;,
  -0.061526;0.081166;0.113228;,
  -0.093013;0.163008;0.118694;,
  -0.092527;0.235991;0.103511;,
  -0.081443;0.088343;0.125664;,
  -0.067440;0.488608;0.058470;,
  -0.017313;0.443455;-0.006605;,
  0.012951;0.472942;0.100998;,
  -0.042411;0.474331;0.104873;,
  0.008235;0.430019;0.090886;,
  -0.042796;0.431069;0.095138;,
  0.018242;0.596755;0.097723;,
  -0.011712;0.645352;0.116606;,
  -0.031914;0.648248;0.112945;,
  -0.021992;0.596071;0.100215;,
  -0.048953;0.599195;0.058566;,
  -0.064273;0.647066;0.071685;,
  -0.050560;0.596549;0.021982;,
  -0.064347;0.643137;0.023091;,
  -0.106399;0.759775;-0.004897;,
  -0.129263;0.750089;-0.049036;,
  -0.073355;0.719205;0.007665;,
  -0.148527;0.728548;-0.088437;,
  -0.118129;0.690720;-0.086785;,
  -0.091828;0.703308;-0.048754;,
  -0.118758;0.681501;0.022794;,
  -0.091828;0.703308;-0.048754;,
  -0.138817;0.665720;-0.021465;,
  -0.118129;0.690720;-0.086785;,
  -0.156127;0.658600;-0.080677;,
  -0.129146;0.683934;0.026613;,
  -0.176288;0.712621;-0.021444;,
  -0.153121;0.721549;0.021645;,
  -0.186479;0.696260;-0.082497;,
  -0.131466;0.749324;0.007696;,
  -0.138608;0.740780;-0.096740;,
  -0.107934;0.746165;-0.147725;,
  -0.083611;0.718743;-0.149688;,
  -0.101681;0.696777;-0.096087;,
  -0.086275;0.750002;-0.192842;,
  -0.071496;0.735333;-0.190092;,
  -0.101681;0.696777;-0.096087;,
  -0.083611;0.718743;-0.149688;,
  -0.128067;0.691371;-0.173105;,
  -0.145738;0.658685;-0.120681;,
  -0.071496;0.735333;-0.190092;,
  -0.094851;0.711276;-0.202378;,
  -0.146588;0.712522;-0.171180;,
  -0.182486;0.702437;-0.121236;,
  -0.110259;0.727042;-0.209057;,
  -0.041388;0.753779;-0.292671;,
  -0.059636;0.710753;-0.283141;,
  -0.069031;0.713107;-0.263716;,
  -0.050832;0.756706;-0.273020;,
  -0.055889;0.768217;-0.244799;,
  -0.058155;0.778777;-0.249208;,
  -0.055757;0.770571;-0.261379;,
  -0.051338;0.763704;-0.254004;,
  -0.064128;0.710710;-0.228049;,
  -0.062458;0.760397;-0.227329;,
  -0.081033;0.761087;-0.256712;,
  -0.074169;0.709271;-0.264006;,
  -0.092282;0.709563;-0.272369;,
  -0.101960;0.710267;-0.227913;,
  -0.101230;0.762217;-0.226270;,
  -0.099222;0.759332;-0.264623;,
  -0.106522;0.769374;0.046311;,
  -0.115691;0.765099;0.018296;,
  -0.076648;0.765946;0.023667;,
  -0.070127;0.771826;0.050478;,
  -0.017327;0.695807;0.125017;,
  -0.050662;0.781661;0.026735;,
  -0.110573;0.745844;0.002061;,
  -0.101174;0.728056;0.012242;,
  -0.086963;0.720909;0.024156;,
  -0.080954;0.741895;0.013056;,
  -0.041238;0.735349;0.110799;,
  -0.047844;0.737933;0.108382;,
  0.008557;0.738947;0.098127;,
  0.048810;0.736542;0.056267;,
  0.016413;0.780670;0.031568;,
  -0.041532;0.776081;0.088122;,
  -0.047844;0.737933;0.108382;,
  -0.067697;0.705877;0.067660;,
  -0.073355;0.719205;0.007665;,
  -0.057656;0.726994;0.100931;,
  -0.060308;0.676219;0.079518;,
  -0.040963;0.686161;0.106412;,
  -0.083437;0.705700;0.056106;,
  -0.033734;0.691951;0.120269;,
  -0.062458;0.760397;-0.227329;,
  -0.062960;0.806895;0.005365;,
  -0.050609;0.812619;0.023943;,
  -0.024150;0.818039;0.026937;,
  -0.005711;0.799748;0.015759;,
  -0.099222;0.759332;-0.264623;,
  -0.041388;0.753779;-0.292671;,
  -0.059636;0.710753;-0.283141;,
  -0.077884;0.781356;-0.250067;,
  -0.071476;0.762144;-0.233918;,
  -0.071476;0.762144;-0.233918;,
  -0.068130;0.756169;-0.250347;,
  -0.081873;0.767697;-0.267199;,
  -0.081873;0.767697;-0.267199;,
  -0.058155;0.778777;-0.249208;,
  -0.055889;0.768217;-0.244799;,
  -0.055757;0.770571;-0.261379;,
  -0.152563;0.020039;0.066751;,
  -0.161256;-0.001657;0.064603;,
  -0.157836;-0.001224;0.012856;,
  -0.152365;0.017374;0.017700;,
  -0.043048;0.032377;0.120735;,
  -0.066627;0.024044;0.087758;,
  -0.065809;-0.000926;0.090395;,
  -0.038775;-0.001071;0.131045;,
  -0.061526;0.081166;0.113228;,
  -0.075287;0.034885;0.146990;,
  -0.081443;0.088343;0.125664;,
  -0.098285;-0.001503;0.121539;,
  -0.101097;0.033425;0.120641;,
  -0.065688;-0.001525;0.153193;,
  -0.101696;0.063520;0.081379;,
  -0.101506;0.069994;0.115420;,
  -0.124538;0.014687;0.008068;,
  -0.124326;-0.000775;-0.001530;,
  -0.124326;-0.000775;-0.001530;,
  -0.161256;-0.001657;0.064603;,
  -0.043383;0.346815;-0.006869;,
  -0.074407;0.254695;0.008829;,
  -0.059490;0.188041;0.029840;,
  -0.065296;0.135553;0.057165;,
  -0.074338;0.060338;0.090875;,
  -0.074338;0.060338;0.090875;,
  -0.077594;0.808451;-0.018530;,
  -0.057936;0.801653;-0.012524;,
  -0.059728;0.799873;-0.036733;,
  -0.069295;0.805583;-0.038112;,
  -0.071036;0.828287;0.004742;,
  -0.063469;0.838945;0.025032;,
  -0.064879;0.948469;-0.031152;,
  -0.045735;0.954920;-0.031713;,
  -0.074104;0.880511;-0.077467;,
  -0.057331;0.881017;-0.084619;,
  -0.072917;0.909113;-0.069514;,
  -0.077188;0.825167;-0.041379;,
  -0.085427;0.835491;-0.014722;,
  -0.076846;0.819913;-0.009759;,
  -0.089369;0.870333;0.002433;,
  -0.091482;0.880058;-0.019994;,
  -0.087655;0.875840;-0.046641;,
  -0.086420;0.914851;-0.052791;,
  -0.094469;0.916643;-0.026105;,
  -0.086650;0.874521;0.018478;,
  -0.076038;0.883908;0.038414;,
  -0.036872;0.888701;0.048356;,
  -0.074638;0.930717;0.025794;,
  -0.041824;0.935886;0.034986;,
  -0.085921;0.853235;-0.045429;,
  -0.067375;0.816344;-0.055425;,
  -0.071774;0.849293;-0.069128;,
  -0.050907;0.793150;-0.067416;,
  -0.070039;0.928901;-0.060999;,
  -0.083462;0.936349;-0.030067;,
  -0.078486;0.944907;-0.001915;,
  -0.090022;0.926419;0.007412;,
  -0.061674;0.952103;0.003883;,
  -0.044673;0.956004;0.005657;,
  -0.033541;0.850322;0.036946;,
  -0.090022;0.926419;0.007412;,
  -0.078486;0.944907;-0.001915;,
  -0.091930;0.837573;-0.015178;,
  -0.092853;0.865268;-0.010662;,
  -0.101563;0.883166;-0.005491;,
  -0.104528;0.863852;0.002977;,
  -0.091930;0.837573;-0.015178;,
  -0.104528;0.863852;0.002977;,
  -0.101563;0.883166;-0.005491;,
  -0.091482;0.880058;-0.019994;,
  -0.089865;0.855810;-0.026537;,
  -0.085427;0.835491;-0.014722;,
  -0.073620;0.871473;-0.069289;,
  -0.089865;0.855810;-0.026537;,
  -0.062960;0.806895;0.005365;,
  -0.050662;0.781661;0.026735;,
  -0.076648;0.765946;0.023667;,
  -0.071036;0.828287;0.004742;,
  0.049440;0.473640;0.079991;,
  0.047485;0.440548;0.071176;,
  0.028955;0.418945;0.052578;,
  0.014605;0.436599;0.011293;,
  -0.061674;0.952103;0.003883;,
  -0.044673;0.956004;0.005657;,
  -0.054703;0.824472;-0.072729;,
  -0.048869;0.838172;-0.080155;,
  -0.049594;0.847797;-0.079915;,
  -0.054118;0.872356;-0.075445;,
  0.054952;0.598142;0.068023;,
  -0.076648;0.765946;0.023667;,
  -0.157836;-0.001224;0.012856;,
  -0.045868;0.816672;-0.079711;,
  -0.053474;0.817978;-0.072517;,
  -0.046031;0.821477;-0.076104;,
  -0.046306;0.825413;-0.080912;,
  -0.057656;0.726994;0.100931;,
  -0.054697;0.711358;0.077075;,
  -0.067697;0.705877;0.067660;,
  -0.083437;0.705700;0.056106;,
  -0.086650;0.874521;0.018478;,
  -0.062725;0.207613;-0.033030;,
  -0.068485;0.133257;-0.018112;,
  -0.022750;0.140357;-0.072347;,
  -0.022354;0.217453;-0.068837;,
  -0.070833;0.267283;-0.040858;,
  -0.025879;0.274379;-0.069471;,
  -0.045753;0.359302;-0.037286;,
  -0.020677;0.363776;-0.056225;,
  -0.030950;0.447264;-0.035820;,
  -0.018057;0.449212;-0.048173;,
  -0.016327;0.493464;-0.035357;,
  -0.046164;0.495886;-0.003937;,
  -0.071179;0.062420;-0.010878;,
  -0.024800;0.074831;-0.078760;,
  -0.018860;0.079372;0.125352;,
  -0.081431;0.088342;0.125658;,
  -0.093013;0.163008;0.118694;,
  -0.023305;0.151183;0.103391;,
  -0.092527;0.235991;0.103511;,
  -0.030789;0.218923;0.085577;,
  -0.031414;0.258638;0.070000;,
  -0.089273;0.267053;0.065782;,
  -0.083124;0.348650;0.095239;,
  -0.002377;0.332037;0.075610;,
  0.047485;0.440548;0.071176;,
  0.008235;0.430019;0.090886;,
  -0.054697;0.711358;0.077075;,
  -0.067674;0.454125;-0.001664;,
  -0.095977;0.358838;-0.004267;,
  -0.118485;0.261138;-0.011389;,
  -0.107465;0.205124;0.026528;,
  -0.103750;0.135529;0.051699;,
  -0.101696;0.063520;0.081379;,
  0.121264;0.352709;-0.017835;,
  0.076546;0.435072;0.048504;,
  0.105226;0.428281;0.008369;,
  0.101623;0.271450;-0.050709;,
  0.127410;0.227241;-0.038109;,
  0.130881;0.153685;-0.049709;,
  0.117307;0.082430;-0.059906;,
  -0.048660;0.422009;0.093071;;
  916;
  3;0,2,1;,
  3;2,0,3;,
  3;4,6,5;,
  3;6,4,7;,
  3;8,10,9;,
  3;10,8,11;,
  3;12,14,13;,
  3;14,12,15;,
  3;16,12,17;,
  3;12,16,15;,
  3;18,20,19;,
  3;20,18,16;,
  3;5,22,21;,
  3;22,5,6;,
  3;13,24,23;,
  3;24,13,14;,
  3;25,27,26;,
  3;27,25,28;,
  3;29,31,30;,
  3;31,29,32;,
  3;31,33,30;,
  3;33,31,34;,
  3;35,37,36;,
  3;37,35,38;,
  3;38,39,37;,
  3;39,38,40;,
  3;36,42,41;,
  3;42,36,37;,
  3;37,43,42;,
  3;43,37,39;,
  3;41,31,32;,
  3;31,41,42;,
  3;42,34,31;,
  3;34,42,43;,
  3;44,46,45;,
  3;46,44,47;,
  3;48,50,49;,
  3;50,48,51;,
  3;49,53,52;,
  3;53,49,50;,
  3;54,56,55;,
  3;56,54,57;,
  3;57,58,56;,
  3;58,57,59;,
  3;55,61,60;,
  3;61,55,56;,
  3;56,62,61;,
  3;62,56,58;,
  3;60,50,51;,
  3;50,60,61;,
  3;61,53,50;,
  3;53,61,62;,
  3;32,20,63;,
  3;20,32,29;,
  3;64,66,65;,
  3;66,64,19;,
  3;13,67,12;,
  3;67,13,68;,
  3;68,69,67;,
  3;69,68,70;,
  3;70,41,69;,
  3;41,70,36;,
  3;48,34,51;,
  3;34,48,33;,
  3;51,43,60;,
  3;43,51,34;,
  3;43,55,60;,
  3;55,43,39;,
  3;39,54,55;,
  3;54,39,40;,
  3;12,63,17;,
  3;63,12,67;,
  3;67,32,63;,
  3;32,67,69;,
  3;69,41,32;,
  3;71,72,25;,
  3;73,75,74;,
  3;75,73,76;,
  3;75,77,74;,
  3;77,75,78;,
  3;79,78,80;,
  3;78,79,77;,
  3;81,83,82;,
  3;83,85,84;,
  3;85,83,86;,
  3;87,89,88;,
  3;89,90,88;,
  3;90,89,91;,
  3;92,94,93;,
  3;92,88,94;,
  3;92,87,88;,
  3;88,95,94;,
  3;95,88,90;,
  3;96,94,83;,
  3;94,86,83;,
  3;86,94,95;,
  3;97,99,98;,
  3;99,97,100;,
  3;100,101,99;,
  3;101,100,102;,
  3;103,105,104;,
  3;105,103,106;,
  3;106,107,105;,
  3;107,106,108;,
  3;104,110,109;,
  3;110,104,105;,
  3;105,111,110;,
  3;111,105,107;,
  3;109,100,97;,
  3;100,109,110;,
  3;110,102,100;,
  3;102,110,111;,
  3;112,114,113;,
  3;114,112,115;,
  3;116,118,117;,
  3;118,116,119;,
  3;120,122,121;,
  3;122,120,123;,
  3;120,125,124;,
  3;125,120,121;,
  3;126,125,127;,
  3;125,126,124;,
  3;95,97,86;,
  3;97,95,109;,
  3;86,98,85;,
  3;98,86,97;,
  3;90,103,104;,
  3;103,90,91;,
  3;104,95,90;,
  3;95,104,109;,
  3;128,96,129;,
  3;96,128,93;,
  3;129,130,128;,
  3;130,129,131;,
  3;72,28,25;,
  3;28,72,132;,
  3;9,133,8;,
  3;134,136,135;,
  3;136,134,137;,
  3;81,137,134;,
  3;138,11,139;,
  3;138,10,11;,
  3;138,140,10;,
  3;141,11,142;,
  3;11,141,139;,
  3;128,130,143;,
  3;93,144,92;,
  3;93,143,144;,
  3;93,128,143;,
  3;145,87,146;,
  3;87,145,147;,
  3;74,148,73;,
  3;148,74,149;,
  3;150,147,145;,
  3;7,149,74;,
  3;148,151,73;,
  3;102,152,101;,
  3;152,102,126;,
  3;102,124,126;,
  3;124,102,111;,
  3;111,120,124;,
  3;120,111,107;,
  3;120,108,123;,
  3;108,120,107;,
  3;8,154,153;,
  3;154,8,133;,
  3;153,155,8;,
  3;155,153,156;,
  3;121,113,114;,
  3;113,121,122;,
  3;122,112,113;,
  3;112,122,157;,
  3;158,125,159;,
  3;125,158,127;,
  3;159,121,114;,
  3;121,159,125;,
  3;126,160,152;,
  3;160,126,161;,
  3;162,122,123;,
  3;122,162,163;,
  3;122,164,157;,
  3;164,122,163;,
  3;165,126,127;,
  3;126,165,161;,
  3;161,166,160;,
  3;166,161,167;,
  3;162,117,163;,
  3;117,162,116;,
  3;163,118,164;,
  3;118,163,117;,
  3;165,167,161;,
  3;167,165,168;,
  3;169,171,170;,
  3;171,169,172;,
  3;173,175,174;,
  3;175,173,176;,
  3;177,179,178;,
  3;179,177,173;,
  3;180,179,181;,
  3;179,180,182;,
  3;183,169,170;,
  3;169,183,184;,
  3;175,186,185;,
  3;186,175,176;,
  3;45,187,44;,
  3;187,45,188;,
  3;180,169,182;,
  3;169,180,172;,
  3;19,29,66;,
  3;20,29,19;,
  3;29,30,189;,
  3;30,190,189;,
  3;190,30,33;,
  3;33,191,190;,
  3;191,33,48;,
  3;191,49,192;,
  3;49,191,48;,
  3;192,52,193;,
  3;52,192,49;,
  3;194,170,186;,
  3;170,194,183;,
  3;170,185,186;,
  3;185,170,171;,
  3;186,176,194;,
  3;194,173,177;,
  3;173,194,176;,
  3;179,174,181;,
  3;174,179,173;,
  3;178,182,184;,
  3;182,178,179;,
  3;182,169,184;,
  3;16,17,20;,
  3;17,63,20;,
  3;66,195,65;,
  3;196,198,197;,
  3;198,196,199;,
  3;200,153,154;,
  3;153,200,201;,
  3;202,204,203;,
  3;205,207,206;,
  3;196,209,208;,
  3;209,196,197;,
  3;210,208,211;,
  3;208,210,196;,
  3;212,214,213;,
  3;214,212,215;,
  3;212,213,211;,
  3;201,217,216;,
  3;217,201,200;,
  3;218,220,219;,
  3;220,218,216;,
  3;210,199,196;,
  3;214,205,206;,
  3;221,223,222;,
  3;197,198,224;,
  3;224,226,225;,
  3;226,224,198;,
  3;227,214,206;,
  3;228,229,213;,
  3;229,228,230;,
  3;219,232,231;,
  3;214,228,213;,
  3;156,201,233;,
  3;201,156,153;,
  3;233,216,218;,
  3;216,233,201;,
  3;220,216,234;,
  3;235,220,234;,
  3;236,238,237;,
  3;238,236,239;,
  3;208,240,211;,
  3;240,208,241;,
  3;211,242,212;,
  3;242,211,240;,
  3;243,239,244;,
  3;239,243,238;,
  3;244,236,245;,
  3;236,244,239;,
  3;246,221,222;,
  3;221,246,215;,
  3;221,212,247;,
  3;212,221,215;,
  3;199,248,1;,
  3;248,199,249;,
  3;133,9,250;,
  3;249,210,251;,
  3;210,249,199;,
  3;210,211,251;,
  3;252,2,253;,
  3;2,252,1;,
  3;19,254,18;,
  3;254,19,64;,
  3;23,68,13;,
  3;68,23,255;,
  3;68,256,70;,
  3;256,68,255;,
  3;256,36,70;,
  3;36,256,257;,
  3;258,1,252;,
  3;1,258,199;,
  3;257,259,36;,
  3;36,259,35;,
  3;260,203,261;,
  3;203,260,202;,
  3;262,263,222;,
  3;263,262,264;,
  3;198,258,226;,
  3;258,198,199;,
  3;265,204,227;,
  3;265,206,266;,
  3;206,265,227;,
  3;222,267,246;,
  3;267,222,263;,
  3;89,87,147;,
  3;82,83,84;,
  3;78,16,18;,
  3;16,78,75;,
  3;75,15,16;,
  3;15,75,76;,
  3;15,71,14;,
  3;71,15,76;,
  3;14,268,24;,
  3;268,14,71;,
  3;248,269,1;,
  3;1,269,0;,
  3;135,129,134;,
  3;129,135,131;,
  3;134,96,81;,
  3;96,134,129;,
  3;96,83,81;,
  3;94,96,93;,
  3;29,189,66;,
  3;205,215,246;,
  3;267,205,246;,
  3;205,267,207;,
  3;205,214,215;,
  3;187,188,270;,
  3;224,272,271;,
  3;223,221,209;,
  3;224,223,197;,
  3;271,273,262;,
  3;273,271,272;,
  3;263,275,274;,
  3;273,276,262;,
  3;277,272,278;,
  3;272,277,273;,
  3;223,271,262;,
  3;271,223,224;,
  3;223,209,197;,
  3;208,221,247;,
  3;221,208,209;,
  3;222,223,262;,
  3;266,207,279;,
  3;207,266,206;,
  3;207,280,279;,
  3;280,207,267;,
  3;280,263,274;,
  3;263,280,267;,
  3;264,262,276;,
  3;76,73,72;,
  3;138,281,140;,
  3;73,132,72;,
  3;132,73,151;,
  3;72,71,76;,
  3;272,225,278;,
  3;155,11,8;,
  3;276,277,282;,
  3;277,276,273;,
  3;275,276,282;,
  3;276,275,264;,
  3;28,141,27;,
  3;141,28,139;,
  3;139,132,138;,
  3;132,139,28;,
  3;132,281,138;,
  3;281,132,151;,
  3;281,148,283;,
  3;148,281,151;,
  3;283,149,284;,
  3;149,283,148;,
  3;7,284,149;,
  3;284,7,4;,
  3;6,79,22;,
  3;79,6,77;,
  3;77,7,74;,
  3;7,77,6;,
  3;5,3,4;,
  3;3,5,2;,
  3;285,137,82;,
  3;137,285,136;,
  3;137,81,82;,
  3;92,146,87;,
  3;146,92,144;,
  3;2,21,253;,
  3;21,2,5;,
  3;286,213,229;,
  3;251,211,286;,
  3;213,286,211;,
  3;234,216,217;,
  3;227,202,228;,
  3;202,230,228;,
  3;230,202,260;,
  3;232,220,235;,
  3;228,214,227;,
  3;26,71,25;,
  3;71,26,268;,
  3;155,142,11;,
  3;18,80,78;,
  3;80,18,254;,
  3;272,224,225;,
  3;275,263,264;,
  3;202,227,204;,
  3;232,219,220;,
  3;287,289,288;,
  3;289,287,290;,
  3;291,288,292;,
  3;288,291,287;,
  3;293,292,294;,
  3;292,293,291;,
  3;295,294,296;,
  3;294,295,293;,
  3;296,297,295;,
  3;298,290,299;,
  3;290,298,289;,
  3;300,302,301;,
  3;302,300,303;,
  3;304,300,305;,
  3;300,304,303;,
  3;306,305,307;,
  3;305,306,304;,
  3;308,306,307;,
  3;306,308,309;,
  3;308,310,309;,
  3;145,146,311;,
  3;312,314,313;,
  3;314,312,315;,
  3;316,318,317;,
  3;318,316,319;,
  3;320,322,321;,
  3;322,320,323;,
  3;324,326,325;,
  3;326,324,327;,
  3;328,324,325;,
  3;324,328,329;,
  3;330,331,328;,
  3;331,330,332;,
  3;319,22,318;,
  3;22,319,21;,
  3;327,333,326;,
  3;333,327,334;,
  3;335,337,336;,
  3;337,335,338;,
  3;339,341,340;,
  3;341,339,342;,
  3;341,344,343;,
  3;344,341,342;,
  3;345,347,346;,
  3;347,345,348;,
  3;346,350,349;,
  3;350,346,347;,
  3;348,351,347;,
  3;351,348,352;,
  3;347,353,350;,
  3;353,347,351;,
  3;352,341,351;,
  3;341,352,340;,
  3;351,343,353;,
  3;343,351,341;,
  3;354,356,355;,
  3;356,354,357;,
