xof 0303txt 0032
template XSkinMeshHeader {
 <3cf169ce-ff7c-44ab-93c0-f78f62d172e2>
 WORD nMaxSkinWeightsPerVertex;
 WORD nMaxSkinWeightsPerFace;
 WORD nBones;
}

template VertexDuplicationIndices {
 <b8d65549-d7c9-4995-89cf-53a9a8b031e3>
 DWORD nIndices;
 DWORD nOriginalVertices;
 array DWORD indices[nIndices];
}

template SkinWeights {
 <6f0d123b-bad2-4167-a0d0-80224f25fabb>
 STRING transformNodeName;
 DWORD nWeights;
 array DWORD vertexIndices[nWeights];
 array FLOAT weights[nWeights];
 Matrix4x4 matrixOffset;
}

template AnimTicksPerSecond {
 <9e415a43-7ba6-4a73-8743-b73d47e88476>
 DWORD AnimTicksPerSecond;
}

template VertexElement {
 <f752461c-1e23-48f6-b9f8-8350850f336f>
 DWORD Type;
 DWORD Method;
 DWORD Usage;
 DWORD UsageIndex;
}

template DeclData {
 <bf22e553-292c-4781-9fea-62bd554bdd93>
 DWORD nElements;
 array VertexElement Elements[nElements];
 DWORD nDWords;
 array DWORD data[nDWords];
}


AnimTicksPerSecond {
 4800;
}

Frame Dummy01 {
 

 FrameTransformMatrix {
  1.000000,0.000000,0.000000,0.000000,0.000000,-0.000000,-1.000000,0.000000,0.000000,1.000000,-0.000000,0.000000,-0.000000,0.000000,0.000000,1.000000;;
 }

 Frame Bip01 {
  

  FrameTransformMatrix {
   -0.489721,0.856107,0.165090,0.000000,0.089574,-0.138946,0.986241,0.000000,0.867266,0.497770,-0.008640,0.000000,0.009533,0.007115,0.491068,1.000000;;
  }

  Frame Bip01_Pelvis {
   

   FrameTransformMatrix {
    0.000000,0.996195,-0.087157,0.000000,-0.000001,0.087157,0.996195,0.000000,1.000000,0.000000,0.000001,0.000000,0.000000,0.000000,0.000000,1.000000;;
   }

   Frame Bip01_Spine {
    

    FrameTransformMatrix {
     0.992530,0.043980,0.113798,0.000000,-0.063171,0.983248,0.170973,0.000000,-0.104372,-0.176885,0.978682,0.000000,0.051446,0.004515,-0.000083,1.000000;;
    }

    Frame Bip01_Spine1 {
     

     FrameTransformMatrix {
      0.964854,0.080206,0.250248,0.000000,-0.090663,0.995414,0.030524,0.000000,-0.246652,-0.052140,0.967700,0.000000,0.106501,0.000004,-0.000082,1.000000;;
     }

     Frame Bip01_Neck {
      

      FrameTransformMatrix {
       0.955825,0.129345,0.263949,0.000000,0.021023,0.865595,-0.500303,0.000000,-0.293184,0.483751,0.824638,0.000000,0.130512,-0.000013,0.004630,1.000000;;
      }

      Frame Bip01_Head {
       

       FrameTransformMatrix {
        0.924836,0.005054,-0.380332,0.000000,-0.073164,0.983603,-0.164839,0.000000,0.373263,0.180276,0.910042,0.000000,0.033674,0.000000,0.000000,1.000000;;
       }
      }

      Frame Bip01_L_Clavicle {
       

       FrameTransformMatrix {
        0.068058,0.946702,0.314839,0.000000,0.956129,0.028235,-0.291583,0.000000,-0.284931,0.320871,-0.903247,0.000000,-0.022159,0.015425,0.010836,1.000000;;
       }

       Frame Bip01_L_UpperArm {
        

        FrameTransformMatrix {
         0.307792,-0.496775,-0.811467,0.000000,0.919916,0.373144,0.120491,0.000000,0.242937,-0.783568,0.571842,0.000000,0.087086,0.000000,-0.000000,1.000000;;
        }

        Frame Bip01_L_Forearm {
         

         FrameTransformMatrix {
          0.056726,-0.000000,-0.998390,0.000000,0.000000,1.000000,-0.000000,0.000000,0.998390,0.000000,0.056726,0.000000,0.137062,-0.000000,0.000000,1.000000;;
         }

         Frame Bip01_L_Hand {
          

          FrameTransformMatrix {
           0.761041,0.453397,0.463949,0.000000,-0.485347,-0.076562,0.870963,0.000000,0.430413,-0.888014,0.161789,0.000000,0.137062,0.000000,0.000000,1.000000;;
          }

          Frame Bip01_L_Finger0 {
           

           FrameTransformMatrix {
            0.616910,-0.785389,-0.050870,0.000000,0.787019,0.616011,0.033661,0.000000,0.004899,-0.060802,0.998138,0.000000,0.057681,-0.023605,-0.000272,1.000000;;
           }
          }

          Frame Bip01_L_Finger1 {
           

           FrameTransformMatrix {
            -0.416577,-0.268901,0.868421,0.000000,-0.384803,0.917615,0.099546,0.000000,-0.823644,-0.292703,-0.485732,0.000000,0.084102,0.000000,0.000000,1.000000;;
           }
          }
         }
        }
       }
      }

      Frame Bip01_R_Clavicle {
       

       FrameTransformMatrix {
        0.122300,-0.979098,-0.162509,0.000000,-0.947877,-0.163767,0.273331,0.000000,-0.294232,0.120610,-0.948093,0.000000,-0.026224,-0.011780,-0.004368,1.000000;;
       }

       Frame Bip01_R_UpperArm {
        

        FrameTransformMatrix {
         -0.130267,0.121525,-0.984003,0.000000,-0.686970,0.704559,0.177958,0.000000,0.714914,0.699163,-0.008297,0.000000,0.087086,0.000000,0.000000,1.000000;;
        }

        Frame Bip01_R_Forearm {
         

         FrameTransformMatrix {
          0.533854,0.000000,-0.845577,0.000000,0.000000,1.000000,-0.000000,0.000000,0.845577,0.000000,0.533854,0.000000,0.137062,0.000000,-0.000000,1.000000;;
         }

         Frame Bip01_R_Hand {
          

          FrameTransformMatrix {
           0.823258,-0.150438,0.547371,0.000000,0.345711,-0.631941,-0.693638,0.000000,0.450256,0.760275,-0.468242,0.000000,0.137062,0.000000,0.000000,1.000000;;
          }

          Frame Bip01_R_Finger0 {
           

           FrameTransformMatrix {
            -0.119180,0.310912,0.942937,0.000000,-0.869175,0.426392,-0.250450,0.000000,-0.479928,-0.849426,0.219420,0.000000,0.057681,0.023605,-0.000272,1.000000;;
           }
          }

          Frame Bip01_R_Finger1 {
           

           FrameTransformMatrix {
            0.077369,0.000794,0.997002,0.000000,-0.000000,1.000000,-0.000796,0.000000,-0.997002,0.000062,0.077369,0.000000,0.084102,0.000000,0.000000,1.000000;;
           }
          }
         }
        }
       }
      }
     }

     Frame Bip01_BackPack {
      

      FrameTransformMatrix {
       0.068803,-0.000002,-0.997630,0.000000,0.000003,1.000000,-0.000002,0.000000,0.997630,-0.000003,0.068803,0.000000,0.063696,-0.000000,-0.088851,1.000000;;
      }
     }
    }

    Frame Bip01_L_Thigh {
     

     FrameTransformMatrix {
      -0.968976,0.208484,0.132744,0.000000,-0.122982,-0.872579,0.472738,0.000000,0.214388,0.441747,0.871148,0.000000,-0.048822,0.053125,-0.003519,1.000000;;
     }

     Frame Bip01_L_Calf {
      

      FrameTransformMatrix {
       0.928908,0.000000,-0.370311,0.000000,0.000000,1.000000,-0.000000,0.000000,0.370311,-0.000000,0.928908,0.000000,0.237500,0.000000,0.000000,1.000000;;
      }

      Frame Bip01_L_Foot {
       

       FrameTransformMatrix {
        0.990508,0.081760,0.110499,0.000000,-0.107744,0.960982,0.254763,0.000000,-0.085358,-0.264251,0.960669,0.000000,0.206841,0.000000,0.000000,1.000000;;
       }

       Frame Bip01_L_Toe0 {
        

        FrameTransformMatrix {
         -0.281147,0.092895,0.955158,0.000000,0.009525,0.995525,-0.094017,0.000000,-0.959617,-0.017335,-0.280774,0.000000,0.065373,0.000000,0.066450,1.000000;;
        }
       }
      }
     }
    }

    Frame Bip01_R_Thigh {
     

     FrameTransformMatrix {
      -0.968987,-0.226652,0.098453,0.000000,0.239380,-0.959835,0.146339,0.000000,0.061331,0.165369,0.984323,0.000000,-0.053679,-0.055476,0.016018,1.000000;;
     }

     Frame Bip01_R_Calf {
      

      FrameTransformMatrix {
       0.895442,0.000000,-0.445178,0.000000,0.000000,1.000000,0.000000,0.000000,0.445178,0.000000,0.895442,0.000000,0.237500,-0.000000,-0.000000,1.000000;;
      }

      Frame Bip01_R_Foot {
       

       FrameTransformMatrix {
        0.917899,-0.217111,0.332151,0.000000,0.252226,0.965416,-0.065980,0.000000,-0.306339,0.144339,0.940916,0.000000,0.206841,0.000000,0.000000,1.000000;;
       }

       Frame Bip01_R_Toe0 {
        

        FrameTransformMatrix {
         0.793109,-0.384600,0.472293,0.000000,-0.009866,0.767207,0.641324,0.000000,-0.609000,-0.513300,0.604684,0.000000,0.065373,0.000000,0.066450,1.000000;;
        }
       }
      }
     }
    }
   }

   Frame Bip01_DressFront {
    

    FrameTransformMatrix {
     -0.994080,-0.051307,-0.095775,0.000000,-0.051294,0.998680,-0.002606,0.000000,0.095782,0.002322,-0.995400,0.000000,-0.044016,0.001399,0.061087,1.000000;;
    }

    Frame Bip01_DressFront02 {
     

     FrameTransformMatrix {
      0.992401,0.000000,0.123042,0.000000,-0.000000,1.000000,-0.000000,0.000000,-0.123042,-0.000000,0.992401,0.000000,0.183341,-0.000000,-0.000131,1.000000;;
     }
    }
   }

   Frame Bip01_DressBack {
    

    FrameTransformMatrix {
     -0.996918,-0.072642,-0.029614,0.000000,-0.074193,0.995718,0.055147,0.000000,0.025481,0.057174,-0.998039,0.000000,-0.047736,-0.000008,-0.078279,1.000000;;
    }

    Frame Bip01_DressBack02 {
     

     FrameTransformMatrix {
      0.974078,0.000001,0.226213,0.000000,-0.000001,1.000000,-0.000000,0.000000,-0.226213,-0.000000,0.974078,0.000000,0.176183,-0.000000,-0.000106,1.000000;;
     }
    }
   }
  }

  Frame Bip01_Prop1 {
   

   FrameTransformMatrix {
    0.489722,-0.089576,-0.867265,0.000000,0.856106,-0.138947,0.497772,0.000000,-0.165092,-0.986240,0.008641,0.000000,0.267873,0.259346,0.084194,1.000000;;
   }
  }

  Frame Bip01_Prop2 {
   

   FrameTransformMatrix {
    0.103747,-0.747332,0.656301,0.000000,-0.641145,0.454213,0.618565,0.000000,-0.760374,-0.484959,-0.432026,0.000000,0.249685,0.215501,0.107687,1.000000;;
   }
  }
 }
}

Frame Translation_Data {
 

 FrameTransformMatrix {
  -0.000000,0.000000,-1.000000,0.000000,-1.000000,-0.000000,0.000000,0.000000,-0.000000,1.000000,0.000000,0.000000,0.000000,-0.000000,0.000000,1.000000;;
 }
}

Frame Body {
 

 FrameTransformMatrix {
  1.000000,0.000000,0.000000,0.000000,0.000000,1.000000,0.000000,0.000000,0.000000,0.000000,1.000000,0.000000,0.000000,0.000000,0.000000,1.000000;;
 }

 Mesh Body {
  617;
  0.042707;0.751697;-0.076234;,
  0.013674;0.771488;-0.044824;,
  0.008568;0.739572;-0.056219;,
  0.049719;0.730454;-0.083155;,
  0.048518;0.712185;-0.086978;,
  0.005189;0.705840;-0.069234;,
  0.014950;0.675428;-0.074931;,
  0.062728;0.680158;-0.076181;,
  0.036625;0.797557;-0.020199;,
  0.067981;0.779756;-0.039716;,
  0.091696;0.775027;-0.029581;,
  0.071938;0.781777;-0.007783;,
  0.101831;0.539662;-0.005310;,
  0.077665;0.527818;0.034667;,
  0.077288;0.542208;0.028580;,
  0.094529;0.550306;-0.006798;,
  0.061025;0.558989;-0.050755;,
  0.082586;0.531339;-0.043125;,
  0.021339;0.557105;-0.062895;,
  0.025361;0.502232;-0.061606;,
  0.056007;0.512289;-0.065471;,
  -0.027439;0.709133;-0.044536;,
  -0.030679;0.675021;-0.045076;,
  0.040857;0.520406;0.054024;,
  0.040654;0.537113;0.050199;,
  0.095940;0.647337;0.022206;,
  0.058874;0.648626;0.058838;,
  0.061260;0.691473;0.059113;,
  0.101320;0.691330;0.018407;,
  0.049293;0.466672;-0.084163;,
  0.063040;0.373459;-0.114649;,
  0.106241;0.368266;-0.095619;,
  0.092415;0.460107;-0.058970;,
  0.068038;0.280009;-0.143674;,
  0.105325;0.275051;-0.106822;,
  0.009325;0.456790;-0.055286;,
  0.036665;0.416409;0.023245;,
  0.044483;0.341825;-0.011834;,
  0.021991;0.361103;-0.081790;,
  0.060675;0.265071;-0.059167;,
  0.049416;0.268328;-0.099498;,
  0.104937;0.428273;-0.009146;,
  0.120439;0.352332;-0.034465;,
  0.100142;0.272103;-0.066740;,
  0.129539;-0.000570;-0.077587;,
  0.085118;-0.002808;-0.084428;,
  0.086394;-0.003831;-0.035640;,
  0.121103;-0.002037;-0.032968;,
  0.080861;0.219179;-0.120700;,
  0.089066;0.145678;-0.116087;,
  0.123088;0.148378;-0.093376;,
  0.116967;0.222673;-0.098357;,
  0.102426;0.067232;-0.110542;,
  0.124764;0.068855;-0.084178;,
  0.047006;0.197643;-0.089165;,
  0.056460;0.215378;-0.037176;,
  0.069222;0.151164;-0.044414;,
  0.065128;0.141112;-0.085843;,
  0.093778;0.076766;-0.058132;,
  0.088295;0.058879;-0.087725;,
  0.125878;0.230723;-0.050397;,
  0.129928;0.156523;-0.056328;,
  0.117046;0.083870;-0.060699;,
  0.090043;0.502581;-0.046900;,
  -0.016328;0.493464;-0.053333;,
  -0.009941;0.457232;-0.047617;,
  0.009325;0.456790;-0.055286;,
  0.118094;0.488572;-0.002173;,
  0.086226;0.479442;0.042359;,
  0.108075;0.440068;-0.005855;,
  0.076413;0.435249;0.030726;,
  0.087061;0.597378;0.020903;,
  0.108622;0.645116;-0.011501;,
  0.106264;0.649498;-0.031766;,
  0.066685;0.651390;-0.067663;,
  0.058428;0.603839;-0.052112;,
  0.095949;0.599547;-0.018513;,
  0.017516;0.648459;-0.072097;,
  0.022284;0.600637;-0.060260;,
  -0.027753;0.652557;-0.042093;,
  -0.018671;0.595141;-0.033491;,
  0.088069;0.761474;-0.112096;,
  0.045874;0.748932;-0.081147;,
  0.090828;0.729214;-0.151040;,
  0.038684;0.710290;-0.128395;,
  0.048508;0.673355;-0.156129;,
  0.089866;0.688340;-0.176582;,
  0.072757;0.699707;-0.057353;,
  0.070449;0.663886;-0.093709;,
  0.038684;0.710290;-0.128395;,
  0.062662;0.632075;-0.151835;,
  0.048508;0.673355;-0.156129;,
  0.083786;0.697527;-0.055930;,
  0.119118;0.714470;-0.077815;,
  0.122763;0.682976;-0.116128;,
  0.103808;0.646918;-0.172448;,
  0.108600;0.743941;-0.099162;,
  0.087722;0.707366;-0.175701;,
  0.038144;0.691749;-0.151237;,
  0.012836;0.726795;-0.193820;,
  0.045739;0.735489;-0.207574;,
  -0.010318;0.749446;-0.226543;,
  0.011372;0.756977;-0.237444;,
  0.038144;0.691749;-0.151237;,
  0.037094;0.638993;-0.185772;,
  0.018120;0.682624;-0.229805;,
  0.012836;0.726795;-0.193820;,
  -0.004563;0.717998;-0.248356;,
  -0.010318;0.749446;-0.226543;,
  0.086431;0.654600;-0.209976;,
  0.043520;0.689410;-0.239946;,
  0.009508;0.726590;-0.259639;,
  -0.048828;0.787740;-0.307353;,
  -0.030201;0.793036;-0.296921;,
  -0.008805;0.750225;-0.291621;,
  -0.027284;0.745524;-0.301993;,
  -0.015442;0.815976;-0.292870;,
  -0.016268;0.814278;-0.303927;,
  -0.005968;0.810831;-0.305685;,
  -0.003834;0.817006;-0.292323;,
  -0.024064;0.726460;-0.274388;,
  -0.016389;0.735377;-0.309850;,
  -0.012062;0.783748;-0.289193;,
  -0.028556;0.773904;-0.260211;,
  0.013654;0.728789;-0.276232;,
  0.001075;0.739217;-0.318701;,
  0.010030;0.778232;-0.260604;,
  0.005626;0.785507;-0.298166;,
  0.092399;0.785027;-0.052422;,
  0.081438;0.782022;-0.080000;,
  0.067981;0.779756;-0.039716;,
  0.051467;0.775545;-0.059774;,
  0.117643;0.692037;-0.018809;,
  0.028236;0.786197;-0.044549;,
  0.070397;0.762125;-0.092151;,
  0.042707;0.751697;-0.076234;,
  0.049719;0.730454;-0.083155;,
  0.074618;0.747433;-0.087368;,
  0.110642;0.732842;-0.034820;,
  0.095436;0.731818;0.005951;,
  0.109694;0.736066;-0.039874;,
  0.054807;0.729947;0.047474;,
  0.033475;0.778756;0.019736;,
  0.091696;0.775027;-0.029581;,
  0.109694;0.736066;-0.039874;,
  0.070089;0.710856;-0.064371;,
  0.105035;0.728384;-0.044369;,
  0.045874;0.748932;-0.081147;,
  0.098550;0.685347;-0.043558;,
  0.071046;0.678553;-0.064156;,
  0.048518;0.712185;-0.086978;,
  0.112773;0.689728;-0.035624;,
  -0.028556;0.773904;-0.260211;,
  0.020172;0.822182;-0.008040;,
  0.027139;0.816485;-0.029359;,
  0.017039;0.801531;0.001184;,
  -0.004800;0.823785;0.003009;,
  0.005626;0.785507;-0.298166;,
  -0.048828;0.787740;-0.307353;,
  -0.027284;0.745524;-0.301993;,
  -0.021773;0.804701;-0.277670;,
  0.003571;0.801630;-0.282058;,
  -0.021773;0.804701;-0.277670;,
  -0.020299;0.798655;-0.294347;,
  0.000552;0.785996;-0.297628;,
  0.000552;0.785996;-0.297628;,
  -0.015442;0.815976;-0.292870;,
  -0.003834;0.817006;-0.292323;,
  -0.005968;0.810831;-0.305685;,
  0.140971;0.023274;-0.153171;,
  0.112832;0.019524;-0.193261;,
  0.115750;0.001222;-0.200734;,
  0.148271;0.002152;-0.160346;,
  0.081748;0.029590;-0.045869;,
  0.086394;-0.003831;-0.035640;,
  0.085118;-0.002808;-0.084428;,
  0.082618;0.022098;-0.086563;,
  0.093778;0.076766;-0.058132;,
  0.117046;0.083870;-0.060699;,
  0.122965;0.034782;-0.042836;,
  0.129539;-0.000570;-0.077587;,
  0.121103;-0.002037;-0.032968;,
  0.129008;0.034439;-0.079249;,
  0.102426;0.067232;-0.110542;,
  0.124764;0.068855;-0.084178;,
  0.080112;-0.000842;-0.193265;,
  0.084769;0.014808;-0.185227;,
  0.148271;0.002152;-0.160346;,
  0.080112;-0.000842;-0.193265;,
  0.021991;0.361103;-0.081790;,
  0.049416;0.268328;-0.099498;,
  0.047006;0.197643;-0.089165;,
  0.065128;0.141112;-0.085843;,
  0.088295;0.058879;-0.087725;,
  0.088295;0.058879;-0.087725;,
  0.014605;0.436598;-0.006683;,
  0.036472;0.820090;-0.044521;,
  0.027676;0.815580;-0.063569;,
  0.019473;0.808162;-0.061636;,
  0.017877;0.808691;-0.044484;,
  0.027711;0.838454;-0.020771;,
  0.019525;0.847599;0.000011;,
  -0.003403;0.955054;-0.055501;,
  -0.023422;0.957743;-0.054840;,
  -0.023071;0.945277;-0.081962;,
  0.015700;0.889818;-0.102701;,
  0.009588;0.917720;-0.094519;,
  -0.001273;0.887082;-0.108799;,
  0.039238;0.848147;-0.041045;,
  0.031481;0.836287;-0.067202;,
  0.034100;0.831253;-0.035653;,
  0.037532;0.883204;-0.023959;,
  0.036366;0.893021;-0.046416;,
  0.031955;0.929469;-0.052482;,
  0.022760;0.926020;-0.078629;,
  0.031771;0.887994;-0.072800;,
  0.024112;0.894210;0.012857;,
  0.035064;0.886894;-0.007752;,
  -0.014559;0.891523;0.025229;,
  -0.019510;0.938708;0.011859;,
  0.013056;0.939822;0.000626;,
  0.034448;0.865479;-0.071617;,
  0.019871;0.858778;-0.094419;,
  0.022676;0.825675;-0.080667;,
  0.010213;0.799701;-0.091754;,
  -0.009141;0.794280;-0.100504;,
  -0.008310;0.792472;-0.079456;,
  0.003530;0.936649;-0.085726;,
  0.017176;0.946698;-0.055639;,
  0.027809;0.938420;-0.018697;,
  0.012413;0.954320;-0.027184;,
  -0.022359;0.958827;-0.017469;,
  -0.005068;0.958220;-0.020315;,
  -0.011227;0.853145;0.013820;,
  0.027809;0.938420;-0.018697;,
  0.012413;0.954320;-0.027184;,
  0.041100;0.878817;-0.037274;,
  0.043407;0.851256;-0.041834;,
  0.048000;0.879186;-0.024216;,
  0.042813;0.897717;-0.032429;,
  0.048000;0.879186;-0.024216;,
  0.043407;0.851256;-0.041834;,
  0.042813;0.897717;-0.032429;,
  0.036366;0.893021;-0.046416;,
  0.038990;0.868870;-0.052990;,
  0.039238;0.848147;-0.041045;,
  0.017451;0.880902;-0.094562;,
  0.038990;0.868870;-0.052990;,
  0.028236;0.786197;-0.044549;,
  0.027139;0.816485;-0.029359;,
  0.051467;0.775545;-0.059774;,
  0.027711;0.838454;-0.020771;,
  -0.018942;0.759089;-0.039334;,
  -0.021883;0.735292;-0.040089;,
  -0.017591;0.552405;-0.044004;,
  0.049440;0.473640;0.062013;,
  0.047485;0.440547;0.053199;,
  0.042382;0.422702;0.043783;,
  -0.009832;0.788630;-0.060453;,
  0.014605;0.436598;-0.006683;,
  -0.005068;0.958220;-0.020315;,
  -0.022359;0.958827;-0.017469;,
  0.007645;0.831142;-0.097105;,
  -0.002243;0.853026;-0.103823;,
  -0.001137;0.843438;-0.104075;,
  -0.022544;0.935812;-0.094214;,
  -0.020861;0.914047;-0.107286;,
  -0.002205;0.878023;-0.099495;,
  0.051508;0.595678;0.052186;,
  0.051467;0.775545;-0.059774;,
  0.115750;0.001222;-0.200734;,
  0.007689;0.824534;-0.096857;,
  0.000040;0.821762;-0.103574;,
  -0.000492;0.826532;-0.099956;,
  -0.015016;0.849729;-0.118027;,
  -0.013908;0.841237;-0.108680;,
  -0.001268;0.830419;-0.104748;,
  -0.012149;0.825715;-0.100109;,
  -0.011685;0.818987;-0.105949;,
  -0.018245;0.884345;-0.114897;,
  -0.017225;0.874994;-0.111033;,
  0.105035;0.728384;-0.044369;,
  -0.012754;0.829409;-0.108126;,
  0.076274;0.715489;-0.049390;,
  0.070089;0.710856;-0.064371;,
  0.048518;0.712185;-0.086978;,
  0.035064;0.886894;-0.007752;,
  0.080861;0.219179;-0.120700;,
  0.021876;0.221150;-0.106981;,
  0.039490;0.145212;-0.105069;,
  0.089066;0.145678;-0.116087;,
  0.068038;0.280009;-0.143674;,
  0.018420;0.279934;-0.118659;,
  0.063040;0.373459;-0.114649;,
  0.004736;0.370181;-0.093422;,
  0.049293;0.466672;-0.084163;,
  -0.002274;0.457248;-0.078117;,
  0.025361;0.502232;-0.061606;,
  0.046038;0.072709;-0.105093;,
  0.102426;0.067232;-0.110542;,
  0.079180;0.142144;-0.016569;,
  0.090414;0.072800;-0.015283;,
  0.051262;0.059450;0.064128;,
  0.045431;0.131836;0.053979;,
  0.035238;0.197434;0.037848;,
  0.063433;0.214740;-0.024324;,
  0.034792;0.256202;0.035232;,
  0.059686;0.259502;-0.028774;,
  0.046507;0.338362;0.002579;,
  0.035921;0.340676;0.039191;,
  0.047798;0.412944;0.050589;,
  0.076274;0.715489;-0.049390;,
  -0.067134;0.759009;-0.005923;,
  -0.078226;0.738840;0.003160;,
  -0.041349;0.742709;-0.012308;,
  -0.028932;0.773843;-0.008797;,
  -0.078341;0.719700;0.025115;,
  -0.074142;0.685141;0.042380;,
  -0.066596;0.678397;-0.004293;,
  -0.056193;0.709697;-0.015239;,
  -0.007709;0.799844;0.016547;,
  0.001646;0.786194;0.054050;,
  -0.030948;0.782362;0.068072;,
  -0.049390;0.786410;0.032102;,
  -0.043492;0.526768;0.075333;,
  -0.035935;0.539538;0.071872;,
  0.004168;0.536173;0.072671;,
  0.004391;0.521317;0.075328;,
  -0.060414;0.548966;0.022473;,
  -0.064257;0.518310;0.038362;,
  -0.052676;0.550997;-0.018265;,
  -0.066205;0.501375;0.001484;,
  -0.046165;0.495885;-0.021915;,
  0.040654;0.537113;0.050199;,
  0.040857;0.520406;0.054024;,
  0.016677;0.647596;0.089531;,
  0.015270;0.694462;0.092946;,
  0.061260;0.691473;0.059113;,
  0.058874;0.648626;0.058838;,
  -0.067610;0.451891;-0.017718;,
  -0.078965;0.450779;0.031680;,
  -0.112760;0.357525;0.030318;,
  -0.094582;0.355703;-0.013520;,
  -0.117217;0.264074;0.037563;,
  -0.115706;0.258494;-0.014526;,
  -0.017132;0.441045;-0.021987;,
  -0.041853;0.344243;-0.015904;,
  -0.009628;0.337470;0.052558;,
  0.024624;0.413878;0.047524;,
  -0.071399;0.252939;0.005920;,
  -0.051761;0.258044;0.042368;,
  -0.080645;0.351978;0.086292;,
  -0.047663;0.424451;0.077925;,
  -0.085861;0.267704;0.062576;,
  -0.098285;-0.001503;0.121540;,
  -0.065687;-0.001525;0.153195;,
  -0.038774;-0.001071;0.131046;,
  -0.065809;-0.000926;0.090396;,
  -0.105193;0.204194;0.024403;,
  -0.115991;0.216612;0.063699;,
  -0.111583;0.146431;0.088941;,
  -0.102596;0.134938;0.050630;,
  -0.101459;0.070227;0.115357;,
  -0.101716;0.063404;0.081409;,
  -0.057495;0.186413;0.028037;,
  -0.064152;0.134443;0.056146;,
  -0.039209;0.153769;0.085102;,
  -0.029670;0.216118;0.066118;,
  -0.074338;0.060338;0.090876;,
  -0.061359;0.080971;0.113082;,
  -0.091503;0.163257;0.117214;,
  -0.089857;0.235985;0.100930;,
  -0.081203;0.088471;0.125422;,
  -0.067441;0.488608;0.040492;,
  -0.017132;0.441045;-0.021987;,
  0.012952;0.472941;0.083020;,
  -0.042411;0.474331;0.086896;,
  0.008667;0.431317;0.073962;,
  -0.042245;0.432612;0.078589;,
  0.013324;0.595329;0.080320;,
  -0.018865;0.645531;0.096786;,
  -0.038712;0.649971;0.091375;,
  -0.027468;0.596118;0.080937;,
  -0.053159;0.600738;0.037804;,
  -0.068433;0.651831;0.047105;,
  -0.053680;0.598526;0.000951;,
  -0.065313;0.648729;-0.001743;,
  -0.089099;0.787995;-0.015692;,
  -0.104895;0.774483;-0.061875;,
  -0.051135;0.753798;0.001186;,
  -0.115377;0.750096;-0.103174;,
  -0.079232;0.718156;-0.097572;,
  -0.060193;0.734937;-0.056602;,
  -0.090725;0.708759;0.011975;,
  -0.060193;0.734937;-0.056602;,
  -0.102705;0.689734;-0.033902;,
  -0.079232;0.718156;-0.097572;,
  -0.111945;0.679709;-0.093959;,
  -0.101736;0.709346;0.014587;,
  -0.147496;0.729392;-0.038881;,
  -0.131158;0.742211;0.006305;,
  -0.148000;0.711491;-0.099712;,
  -0.113220;0.773335;-0.005720;,
  -0.107099;0.763421;-0.111895;,
  -0.073861;0.772397;-0.160722;,
  -0.045186;0.749502;-0.159717;,
  -0.063450;0.726440;-0.106645;,
  -0.049508;0.778581;-0.204203;,
  -0.031877;0.765762;-0.200006;,
  -0.063450;0.726440;-0.106645;,
  -0.045186;0.749502;-0.159717;,
  -0.082414;0.714202;-0.185053;,
  -0.098361;0.680630;-0.132712;,
  -0.031877;0.765762;-0.200006;,
  -0.051956;0.737892;-0.213259;,
  -0.104328;0.731915;-0.185402;,
  -0.141805;0.717389;-0.137845;,
  -0.068321;0.751327;-0.221181;,
  -0.001344;0.781942;-0.303491;,
  -0.019591;0.738915;-0.293961;,
  -0.028987;0.741269;-0.274537;,
  -0.010787;0.784868;-0.283841;,
  -0.015844;0.796377;-0.255624;,
  -0.018112;0.806937;-0.260033;,
  -0.015712;0.798731;-0.272204;,
  -0.011293;0.791864;-0.264830;,
  -0.024083;0.738870;-0.238871;,
  -0.022413;0.788557;-0.238153;,
  -0.040989;0.789247;-0.267534;,
  -0.034124;0.737431;-0.274828;,
  -0.052237;0.737723;-0.283190;,
  -0.061915;0.738428;-0.238733;,
  -0.061185;0.790377;-0.237095;,
  -0.059177;0.787492;-0.275448;,
  -0.078446;0.795851;0.033223;,
  -0.091475;0.793468;0.006529;,
  -0.056013;0.782561;0.005795;,
  -0.049390;0.786410;0.032102;,
  -0.023987;0.697194;0.103875;,
  -0.031125;0.789110;0.003980;,
  -0.094272;0.773452;-0.008859;,
  -0.088988;0.758353;0.003334;,
  -0.078226;0.738840;0.003160;,
  -0.067134;0.759009;-0.005923;,
  -0.040290;0.741386;0.089111;,
  -0.045827;0.744982;0.086193;,
  0.008768;0.737265;0.082190;,
  0.054807;0.729947;0.047474;,
  0.033475;0.778756;0.019736;,
  -0.030948;0.782362;0.068072;,
  -0.045827;0.744982;0.086193;,
  -0.064733;0.718851;0.042988;,
  -0.051135;0.753798;0.001186;,
  -0.054287;0.737541;0.079111;,
  -0.063357;0.683446;0.052268;,
  -0.046309;0.690621;0.081923;,
  -0.078341;0.719700;0.025115;,
  -0.040166;0.695297;0.096856;,
  -0.022413;0.788557;-0.238153;,
  -0.042106;0.810277;-0.020225;,
  -0.031055;0.817589;-0.001282;,
  -0.004800;0.823785;0.003009;,
  0.017039;0.801531;0.001184;,
  -0.059177;0.787492;-0.275448;,
  -0.001344;0.781942;-0.303491;,
  -0.019591;0.738915;-0.293961;,
  -0.037840;0.809516;-0.260893;,
  -0.031431;0.790304;-0.244743;,
  -0.031431;0.790304;-0.244743;,
  -0.028085;0.784329;-0.261173;,
  -0.041829;0.795857;-0.278024;,
  -0.041829;0.795857;-0.278024;,
  -0.018112;0.806937;-0.260033;,
  -0.015844;0.796377;-0.255624;,
  -0.015712;0.798731;-0.272204;,
  -0.152563;0.020039;0.066752;,
  -0.161256;-0.001657;0.064604;,
  -0.157836;-0.001224;0.012856;,
  -0.152365;0.017374;0.017701;,
  -0.043048;0.032377;0.120737;,
  -0.066627;0.024044;0.087760;,
  -0.065809;-0.000926;0.090396;,
  -0.038774;-0.001071;0.131046;,
  -0.061359;0.080971;0.113082;,
  -0.075288;0.034884;0.146991;,
  -0.081203;0.088471;0.125422;,
  -0.098285;-0.001503;0.121540;,
  -0.101097;0.033425;0.120642;,
  -0.065687;-0.001525;0.153195;,
  -0.101716;0.063404;0.081409;,
  -0.101459;0.070227;0.115357;,
  -0.124538;0.014687;0.008068;,
  -0.124326;-0.000775;-0.001529;,
  -0.124326;-0.000775;-0.001529;,
  -0.161256;-0.001657;0.064604;,
  -0.041853;0.344243;-0.015904;,
  -0.071399;0.252939;0.005920;,
  -0.057495;0.186413;0.028037;,
  -0.064152;0.134443;0.056146;,
  -0.074338;0.060338;0.090876;,
  -0.074338;0.060338;0.090876;,
  -0.055281;0.811274;-0.041660;,
  -0.035762;0.803882;-0.037409;,
  -0.037415;0.802696;-0.059860;,
  -0.046982;0.808406;-0.061242;,
  -0.048722;0.831109;-0.018388;,
  -0.041156;0.841768;0.001902;,
  -0.042566;0.951291;-0.054279;,
  -0.023422;0.957743;-0.054840;,
  -0.051790;0.883333;-0.100597;,
  -0.035017;0.883839;-0.107745;,
  -0.050604;0.911936;-0.092640;,
  -0.054875;0.827989;-0.064510;,
  -0.063113;0.838313;-0.037852;,
  -0.054533;0.822736;-0.032889;,
  -0.067055;0.873155;-0.020697;,
  -0.069169;0.882880;-0.043124;,
  -0.065341;0.878663;-0.069771;,
  -0.064106;0.917673;-0.075921;,
  -0.072155;0.919465;-0.049235;,
  -0.064336;0.877343;-0.004652;,
  -0.053724;0.886731;0.015284;,
  -0.014559;0.891523;0.025229;,
  -0.052324;0.933540;0.002664;,
  -0.019510;0.938708;0.011859;,
  -0.063607;0.856057;-0.068559;,
  -0.045061;0.819167;-0.078556;,
  -0.049460;0.852116;-0.092258;,
  -0.028594;0.795972;-0.090544;,
  -0.047725;0.931724;-0.084125;,
  -0.061147;0.939172;-0.053198;,
  -0.056172;0.947730;-0.025046;,
  -0.067707;0.929242;-0.015718;,
  -0.039361;0.954925;-0.019244;,
  -0.022359;0.958827;-0.017469;,
  -0.011227;0.853145;0.013820;,
  -0.067707;0.929242;-0.015718;,
  -0.056172;0.947730;-0.025046;,
  -0.076393;0.867234;-0.020336;,
  -0.067742;0.840576;-0.038367;,
  -0.070540;0.868090;-0.033792;,
  -0.075331;0.886365;-0.028744;,
  -0.067742;0.840576;-0.038367;,
  -0.076393;0.867234;-0.020336;,
  -0.075331;0.886365;-0.028744;,
  -0.069169;0.882880;-0.043124;,
  -0.067551;0.858632;-0.049667;,
  -0.063113;0.838313;-0.037852;,
  -0.051307;0.874295;-0.092419;,
  -0.067551;0.858632;-0.049667;,
  -0.042106;0.810277;-0.020225;,
  -0.031125;0.789110;0.003980;,
  -0.056013;0.782561;0.005795;,
  -0.048722;0.831109;-0.018388;,
  0.049440;0.473640;0.062013;,
  0.047485;0.440547;0.053199;,
  0.042382;0.422702;0.043783;,
  0.014605;0.436598;-0.006683;,
  -0.039361;0.954925;-0.019244;,
  -0.022359;0.958827;-0.017469;,
  -0.032390;0.827295;-0.095855;,
  -0.026556;0.840995;-0.103281;,
  -0.027280;0.850620;-0.103041;,
  -0.031805;0.875179;-0.098573;,
  0.051508;0.595678;0.052186;,
  -0.056013;0.782561;0.005795;,
  -0.157836;-0.001224;0.012856;,
  -0.023554;0.819495;-0.102837;,
  -0.031161;0.820801;-0.095644;,
  -0.023717;0.824300;-0.099230;,
  -0.023992;0.828235;-0.104038;,
  -0.054287;0.737541;0.079111;,
  -0.051486;0.722299;0.054093;,
  -0.064733;0.718851;0.042988;,
  -0.078341;0.719700;0.025115;,
  -0.064336;0.877343;-0.004652;,
  -0.057278;0.207730;-0.035251;,
  -0.060472;0.133794;-0.014195;,
  -0.013084;0.140329;-0.068469;,
  -0.016705;0.217676;-0.073608;,
  -0.067719;0.264515;-0.047369;,
  -0.022854;0.273888;-0.079611;,
  -0.044242;0.356712;-0.048832;,
  -0.019200;0.362862;-0.070072;,
  -0.030951;0.444838;-0.052109;,
  -0.017976;0.448495;-0.065359;,
  -0.016328;0.493464;-0.053333;,
  -0.046165;0.495885;-0.021915;,
  -0.060743;0.062903;-0.001151;,
  -0.011702;0.074112;-0.067529;,
  -0.017580;0.078734;0.125063;,
  -0.081190;0.088470;0.125416;,
  -0.091503;0.163257;0.117214;,
  -0.021204;0.150222;0.101799;,
  -0.089857;0.235985;0.100930;,
  -0.028375;0.217684;0.083339;,
  -0.027877;0.259438;0.067039;,
  -0.085861;0.267704;0.062576;,
  -0.080645;0.351978;0.086292;,
  0.000136;0.335237;0.066912;,
  0.047485;0.440547;0.053199;,
  0.008667;0.431317;0.073962;,
  -0.051486;0.722299;0.054093;,
  -0.067610;0.451891;-0.017718;,
  -0.094582;0.355703;-0.013520;,
  -0.115706;0.258494;-0.014526;,
  -0.105193;0.204194;0.024403;,
  -0.102596;0.134938;0.050630;,
  -0.101716;0.063404;0.081409;,
  0.104937;0.428273;-0.009146;,
  0.120439;0.352332;-0.034465;,
  0.076413;0.435249;0.030726;,
  0.100142;0.272103;-0.066740;,
  0.125878;0.230723;-0.050397;,
  0.129928;0.156523;-0.056328;,
  0.117046;0.083870;-0.060699;,
  -0.047663;0.424451;0.077925;;
  916;
  3;0,2,1;,
  3;2,0,3;,
  3;4,6,5;,
  3;6,4,7;,
  3;8,10,9;,
  3;10,8,11;,
  3;12,14,13;,
  3;14,12,15;,
  3;16,12,17;,
  3;12,16,15;,
  3;18,20,19;,
  3;20,18,16;,
  3;5,22,21;,
  3;22,5,6;,
  3;13,24,23;,
  3;24,13,14;,
  3;25,27,26;,
  3;27,25,28;,
  3;29,31,30;,
  3;31,29,32;,
  3;31,33,30;,
  3;33,31,34;,
  3;35,37,36;,
  3;37,35,38;,
  3;38,39,37;,
  3;39,38,40;,
  3;36,42,41;,
  3;42,36,37;,
  3;37,43,42;,
  3;43,37,39;,
  3;41,31,32;,
  3;31,41,42;,
  3;42,34,31;,
  3;34,42,43;,
  3;44,46,45;,
  3;46,44,47;,
  3;48,50,49;,
  3;50,48,51;,
  3;49,53,52;,
  3;53,49,50;,
  3;54,56,55;,
  3;56,54,57;,
  3;57,58,56;,
  3;58,57,59;,
  3;55,61,60;,
  3;61,55,56;,
  3;56,62,61;,
  3;62,56,58;,
  3;60,50,51;,
  3;50,60,61;,
  3;61,53,50;,
  3;53,61,62;,
  3;32,20,63;,
  3;20,32,29;,
  3;19,65,64;,
  3;65,19,66;,
  3;13,67,12;,
  3;67,13,68;,
  3;68,69,67;,
  3;69,68,70;,
  3;70,41,69;,
  3;41,70,36;,
  3;48,34,51;,
  3;34,48,33;,
  3;51,43,60;,
  3;43,51,34;,
  3;43,55,60;,
  3;55,43,39;,
  3;39,54,55;,
  3;54,39,40;,
  3;12,63,17;,
  3;63,12,67;,
  3;67,32,63;,
  3;32,67,69;,
  3;69,41,32;,
  3;71,72,25;,
  3;73,75,74;,
  3;75,73,76;,
  3;75,77,74;,
  3;77,75,78;,
  3;79,78,80;,
  3;78,79,77;,
  3;81,83,82;,
  3;83,85,84;,
  3;85,83,86;,
  3;87,89,88;,
  3;89,90,88;,
  3;90,89,91;,
  3;92,94,93;,
  3;92,88,94;,
  3;92,87,88;,
  3;88,95,94;,
  3;95,88,90;,
  3;96,94,83;,
  3;94,86,83;,
  3;86,94,95;,
  3;97,99,98;,
  3;99,97,100;,
  3;100,101,99;,
  3;101,100,102;,
  3;103,105,104;,
  3;105,103,106;,
  3;106,107,105;,
  3;107,106,108;,
  3;104,110,109;,
  3;110,104,105;,
  3;105,111,110;,
  3;111,105,107;,
  3;109,100,97;,
  3;100,109,110;,
  3;110,102,100;,
  3;102,110,111;,
  3;112,114,113;,
  3;114,112,115;,
  3;116,118,117;,
  3;118,116,119;,
  3;120,122,121;,
  3;122,120,123;,
  3;120,125,124;,
  3;125,120,121;,
  3;126,125,127;,
  3;125,126,124;,
  3;95,97,86;,
  3;97,95,109;,
  3;86,98,85;,
  3;98,86,97;,
  3;90,103,104;,
  3;103,90,91;,
  3;104,95,90;,
  3;95,104,109;,
  3;128,96,129;,
  3;96,128,93;,
  3;129,130,128;,
  3;130,129,131;,
  3;72,28,25;,
  3;28,72,132;,
  3;9,133,8;,
  3;134,136,135;,
  3;136,134,137;,
  3;81,137,134;,
  3;138,11,139;,
  3;138,10,11;,
  3;138,140,10;,
  3;141,11,142;,
  3;11,141,139;,
  3;128,130,143;,
  3;93,144,92;,
  3;93,143,144;,
  3;93,128,143;,
  3;145,87,146;,
  3;87,145,147;,
  3;74,148,73;,
  3;148,74,149;,
  3;150,147,145;,
  3;7,149,74;,
  3;148,151,73;,
  3;102,152,101;,
  3;152,102,126;,
  3;102,124,126;,
  3;124,102,111;,
  3;111,120,124;,
  3;120,111,107;,
  3;120,108,123;,
  3;108,120,107;,
  3;8,154,153;,
  3;154,8,133;,
  3;153,155,8;,
  3;155,153,156;,
  3;121,113,114;,
  3;113,121,122;,
  3;122,112,113;,
  3;112,122,157;,
  3;158,125,159;,
  3;125,158,127;,
  3;159,121,114;,
  3;121,159,125;,
  3;126,160,152;,
  3;160,126,161;,
  3;162,122,123;,
  3;122,162,163;,
  3;122,164,157;,
  3;164,122,163;,
  3;165,126,127;,
  3;126,165,161;,
  3;161,166,160;,
  3;166,161,167;,
  3;162,117,163;,
  3;117,162,116;,
  3;163,118,164;,
  3;118,163,117;,
  3;165,167,161;,
  3;167,165,168;,
  3;169,171,170;,
  3;171,169,172;,
  3;173,175,174;,
  3;175,173,176;,
  3;177,179,178;,
  3;179,177,173;,
  3;180,179,181;,
  3;179,180,182;,
  3;183,169,170;,
  3;169,183,184;,
  3;175,186,185;,
  3;186,175,176;,
  3;45,187,44;,
  3;187,45,188;,
  3;180,169,182;,
  3;169,180,172;,
  3;19,29,66;,
  3;20,29,19;,
  3;29,30,189;,
  3;30,190,189;,
  3;190,30,33;,
  3;33,191,190;,
  3;191,33,48;,
  3;191,49,192;,
  3;49,191,48;,
  3;192,52,193;,
  3;52,192,49;,
  3;194,170,186;,
  3;170,194,183;,
  3;170,185,186;,
  3;185,170,171;,
  3;186,176,194;,
  3;194,173,177;,
  3;173,194,176;,
  3;179,174,181;,
  3;174,179,173;,
  3;178,182,184;,
  3;182,178,179;,
  3;182,169,184;,
  3;16,17,20;,
  3;17,63,20;,
  3;66,195,65;,
  3;196,198,197;,
  3;198,196,199;,
  3;200,153,154;,
  3;153,200,201;,
  3;202,204,203;,
  3;205,207,206;,
  3;196,209,208;,
  3;209,196,197;,
  3;210,208,211;,
  3;208,210,196;,
  3;212,214,213;,
  3;214,212,215;,
  3;212,213,211;,
  3;201,217,216;,
  3;217,201,200;,
  3;218,220,219;,
  3;220,218,216;,
  3;210,199,196;,
  3;214,205,206;,
  3;221,223,222;,
  3;197,198,224;,
  3;224,226,225;,
  3;226,224,198;,
  3;227,214,206;,
  3;228,229,213;,
  3;229,228,230;,
  3;219,232,231;,
  3;214,228,213;,
  3;156,201,233;,
  3;201,156,153;,
  3;233,216,218;,
  3;216,233,201;,
  3;220,216,234;,
  3;235,220,234;,
  3;236,238,237;,
  3;238,236,239;,
  3;208,240,211;,
  3;240,208,241;,
  3;211,242,212;,
  3;242,211,240;,
  3;243,236,244;,
  3;236,243,239;,
  3;244,237,245;,
  3;237,244,236;,
  3;246,221,222;,
  3;221,246,215;,
  3;221,212,247;,
  3;212,221,215;,
  3;199,248,1;,
  3;248,199,249;,
  3;133,9,250;,
  3;249,210,251;,
  3;210,249,199;,
  3;210,211,251;,
  3;252,2,253;,
  3;2,252,1;,
  3;19,254,18;,
  3;254,19,64;,
  3;23,68,13;,
  3;68,23,255;,
  3;68,256,70;,
  3;256,68,255;,
  3;256,36,70;,
  3;36,256,257;,
  3;258,1,252;,
  3;1,258,199;,
  3;257,259,36;,
  3;36,259,35;,
  3;260,203,261;,
  3;203,260,202;,
  3;262,263,222;,
  3;263,262,264;,
  3;198,258,226;,
  3;258,198,199;,
  3;265,204,227;,
  3;265,206,266;,
  3;206,265,227;,
  3;222,267,246;,
  3;267,222,263;,
  3;89,87,147;,
  3;82,83,84;,
  3;78,16,18;,
  3;16,78,75;,
  3;75,15,16;,
  3;15,75,76;,
  3;15,71,14;,
  3;71,15,76;,
  3;14,268,24;,
  3;268,14,71;,
  3;248,269,1;,
  3;1,269,0;,
  3;135,129,134;,
  3;129,135,131;,
  3;134,96,81;,
  3;96,134,129;,
  3;96,83,81;,
  3;94,96,93;,
  3;29,189,66;,
  3;205,215,246;,
  3;267,205,246;,
  3;205,267,207;,
  3;205,214,215;,
  3;187,188,270;,
  3;224,272,271;,
  3;223,221,209;,
  3;224,223,197;,
  3;271,273,262;,
  3;273,271,272;,
  3;263,275,274;,
  3;273,276,262;,
  3;277,272,278;,
  3;272,277,273;,
  3;223,271,262;,
  3;271,223,224;,
  3;223,209,197;,
  3;208,221,247;,
  3;221,208,209;,
  3;222,223,262;,
  3;266,207,279;,
  3;207,266,206;,
  3;207,280,279;,
  3;280,207,267;,
  3;280,263,274;,
  3;263,280,267;,
  3;264,262,276;,
  3;76,73,72;,
  3;138,281,140;,
  3;73,132,72;,
  3;132,73,151;,
  3;72,71,76;,
  3;272,225,278;,
  3;155,11,8;,
  3;276,277,282;,
  3;277,276,273;,
  3;275,276,282;,
  3;276,275,264;,
  3;28,141,27;,
  3;141,28,139;,
  3;139,132,138;,
  3;132,139,28;,
  3;132,281,138;,
  3;281,132,151;,
  3;281,148,283;,
  3;148,281,151;,
  3;283,149,284;,
  3;149,283,148;,
  3;7,284,149;,
  3;284,7,4;,
  3;6,79,22;,
  3;79,6,77;,
  3;77,7,74;,
  3;7,77,6;,
  3;5,3,4;,
  3;3,5,2;,
  3;285,137,82;,
  3;137,285,136;,
  3;137,81,82;,
  3;92,146,87;,
  3;146,92,144;,
  3;2,21,253;,
  3;21,2,5;,
  3;286,213,229;,
  3;251,211,286;,
  3;213,286,211;,
  3;234,216,217;,
  3;227,202,228;,
  3;202,230,228;,
  3;230,202,260;,
  3;232,220,235;,
  3;228,214,227;,
  3;26,71,25;,
  3;71,26,268;,
  3;155,142,11;,
  3;18,80,78;,
  3;80,18,254;,
  3;272,224,225;,
  3;275,263,264;,
  3;202,227,204;,
  3;232,219,220;,
  3;287,289,288;,
  3;289,287,290;,
  3;291,288,292;,
  3;288,291,287;,
  3;293,292,294;,
  3;292,293,291;,
  3;295,294,296;,
  3;294,295,293;,
  3;296,297,295;,
  3;298,290,299;,
  3;290,298,289;,
  3;300,302,301;,
  3;302,300,303;,
  3;304,300,305;,
  3;300,304,303;,
  3;306,305,307;,
  3;305,306,304;,
  3;308,306,307;,
  3;306,308,309;,
  3;308,310,309;,
  3;145,146,311;,
  3;312,314,313;,
  3;314,312,315;,
  3;316,318,317;,
  3;318,316,319;,
  3;320,322,321;,
  3;322,320,323;,
  3;324,326,325;,
  3;326,324,327;,
  3;328,324,325;,
  3;324,328,329;,
  3;330,331,328;,
  3;331,330,332;,
  3;319,22,318;,
  3;22,319,21;,
  3;327,333,326;,
  3;333,327,334;,
  3;335,337,336;,
  3;337,335,338;,
  3;339,341,340;,
  3;341,339,342;,
  3;341,344,343;,
  3;344,341,342;,
  3;345,347,346;,
  3;347,345,348;,
  3;346,350,349;,
  3;350,346,347;,
  3;348,351,347;,
  3;351,348,352;,
  3;347,353,350;,
  3;353,347,351;,
  3;352,341,351;,
  3;341,352,340;,
  3;351,343,353;,
  3;343,351,341;,
  3;354,356,355;,
  3;356,354,357;,
  3;358,360,359;,
  3;360,358,361;,
  3;361,362,360;,
  3;362,361,363;,
  3;364,366,365;,
  3;366,364,367;,
  3;365,369,368;,
  3;369,365,366;,
  3;367,370,366;,
  3;370,367,371;,
  3;366,372,369;,
  3;372,366,370;,
  3;371,360,370;,
  3;360,371,359;,
  3;370,362,372;,
  3;362,370,360;,
  3;340,331,339;,
  3;331,340,373;,
  3;65,332,64;,
  3;332,65,374;,
  3;327,376,375;,
  3;376,327,324;,
  3;375,378,377;,
  3;378,375,376;,
  3;377,352,348;,
  3;352,377,378;,
  3;358,343,344;,
  3;343,358,359;,
  3;359,353,343;,
  3;353,359,371;,
  3;353,367,350;,
  3;367,353,371;,
  3;350,364,349;,
  3;364,350,367;,
  3;324,373,376;,
  3;373,324,329;,
  3;376,340,378;,
  3;340,376,373;,
  3;378,340,352;,
  3;379,335,380;,
  3;381,383,382;,
  3;383,381,384;,
  3;383,386,385;,
  3;386,383,384;,
  3;79,385,386;,
  3;385,79,80;,
  3;387,389,388;,
  3;388,391,390;,
  3;391,388,392;,
  3;393,395,394;,
  3;394,397,396;,
  3;397,394,395;,
  3;398,395,393;,
  3;398,399,395;,
  3;398,400,399;,
  3;395,401,397;,
  3;401,395,399;,
  3;402,388,399;,
  3;399,390,401;,
  3;390,399,388;,
  3;403,405,404;,
  3;405,403,406;,
  3;404,408,407;,
  3;408,404,405;,
  3;409,411,410;,
  3;411,409,412;,
  3;410,414,413;,
  3;414,410,411;,
  3;412,415,411;,
  3;415,412,416;,
  3;411,417,414;,
  3;417,411,415;,
  3;416,404,415;,
  3;404,416,403;,
  3;415,407,417;,
  3;407,415,404;,
  3;418,420,419;,
  3;420,418,421;,
  3;422,424,423;,
  3;424,422,425;,
  3;426,428,427;,
  3;428,426,429;,
  3;426,430,429;,
  3;430,426,431;,
  3;432,430,431;,
  3;430,432,433;,
  3;401,403,416;,
  3;403,401,390;,
  3;390,406,403;,
  3;406,390,391;,
  3;397,409,396;,
  3;409,397,412;,
  3;412,401,416;,
  3;401,412,397;,
  3;434,402,400;,
  3;402,434,435;,
  3;435,437,436;,
  3;437,435,434;,
  3;380,336,438;,
  3;336,380,335;,
  3;323,320,439;,
  3;440,442,441;,
  3;442,440,443;,
  3;387,440,441;,
  3;444,322,445;,
  3;444,321,322;,
  3;444,446,321;,
  3;447,321,446;,
  3;321,447,448;,
  3;434,449,437;,
  3;400,449,434;,
  3;400,450,449;,
  3;400,398,450;,
  3;451,393,452;,
  3;393,451,453;,
  3;384,455,454;,
  3;455,384,381;,
  3;456,451,452;,
  3;317,384,454;,
  3;455,381,457;,
  3;407,458,432;,
  3;458,407,408;,
  3;407,431,417;,
  3;431,407,432;,
  3;417,426,414;,
  3;426,417,431;,
  3;426,413,414;,
  3;413,426,427;,
  3;320,459,439;,
  3;459,320,460;,
  3;460,462,461;,
  3;462,460,320;,
  3;429,421,428;,
  3;421,429,420;,
  3;428,418,463;,
  3;418,428,421;,
  3;464,430,433;,
  3;430,464,465;,
  3;465,429,430;,
  3;429,465,420;,
  3;432,467,466;,
  3;467,432,458;,
  3;468,428,469;,
  3;428,468,427;,
  3;428,470,469;,
