xof 0303txt 0032
template XSkinMeshHeader {
 <3cf169ce-ff7c-44ab-93c0-f78f62d172e2>
 WORD nMaxSkinWeightsPerVertex;
 WORD nMaxSkinWeightsPerFace;
 WORD nBones;
}

template VertexDuplicationIndices {
 <b8d65549-d7c9-4995-89cf-53a9a8b031e3>
 DWORD nIndices;
 DWORD nOriginalVertices;
 array DWORD indices[nIndices];
}

template SkinWeights {
 <6f0d123b-bad2-4167-a0d0-80224f25fabb>
 STRING transformNodeName;
 DWORD nWeights;
 array DWORD vertexIndices[nWeights];
 array FLOAT weights[nWeights];
 Matrix4x4 matrixOffset;
}

template AnimTicksPerSecond {
 <9e415a43-7ba6-4a73-8743-b73d47e88476>
 DWORD AnimTicksPerSecond;
}

template VertexElement {
 <f752461c-1e23-48f6-b9f8-8350850f336f>
 DWORD Type;
 DWORD Method;
 DWORD Usage;
 DWORD UsageIndex;
}

template DeclData {
 <bf22e553-292c-4781-9fea-62bd554bdd93>
 DWORD nElements;
 array VertexElement Elements[nElements];
 DWORD nDWords;
 array DWORD data[nDWords];
}


AnimTicksPerSecond {
 4800;
}

Frame Dummy01 {
 

 FrameTransformMatrix {
  1.000000,0.000000,0.000000,0.000000,0.000000,-0.000000,-1.000000,0.000000,0.000000,1.000000,-0.000000,0.000000,0.000000,0.000000,0.000000,1.000000;;
 }

 Frame Bip01 {
  

  FrameTransformMatrix {
   0.034535,0.998052,-0.051947,0.000000,0.000000,0.051978,0.998648,0.000000,0.999403,-0.034489,0.001795,0.000000,0.005048,-0.036626,0.503479,1.000000;;
  }

  Frame Bip01_Pelvis {
   

   FrameTransformMatrix {
    0.000000,0.999992,0.003883,0.000000,-0.000001,-0.003883,0.999992,0.000000,1.000000,0.000000,0.000001,0.000000,0.000000,0.000000,0.000000,1.000000;;
   }

   Frame Bip01_Spine {
    

    FrameTransformMatrix {
     0.999992,-0.003877,-0.000520,0.000000,0.003872,0.999960,-0.008044,0.000000,0.000551,0.008042,0.999968,0.000000,0.051633,-0.000201,-0.000085,1.000000;;
    }

    Frame Bip01_Spine1 {
     

     FrameTransformMatrix {
      0.994328,0.000055,-0.106357,0.000000,-0.007409,0.997606,-0.068752,0.000000,0.106099,0.069150,0.991948,0.000000,0.106471,-0.000006,-0.000084,1.000000;;
     }

     Frame Bip01_Neck {
      

      FrameTransformMatrix {
       0.903366,0.000001,0.428870,0.000000,-0.000001,1.000000,-0.000000,0.000000,-0.428870,-0.000000,0.903366,0.000000,0.130516,0.000000,0.004628,1.000000;;
      }

      Frame Bip01_Head {
       

       FrameTransformMatrix {
        0.968122,-0.009693,0.250291,0.000000,0.018736,0.999254,-0.033771,0.000000,-0.249777,0.037384,0.967582,0.000000,0.033674,0.000000,0.000000,1.000000;;
       }

       Frame Bip01_HeadNub {
        

        FrameTransformMatrix {
         1.000000,-0.000000,-0.000000,0.000000,-0.000000,1.000000,-0.000000,0.000000,0.000000,0.000000,1.000000,0.000000,0.169824,-0.000000,0.000000,1.000000;;
        }
       }
      }

      Frame Bip01_L_Clavicle {
       

       FrameTransformMatrix {
        -0.312063,0.910355,0.271791,0.000000,0.848994,0.395610,-0.350288,0.000000,-0.426410,0.121437,-0.896341,0.000000,-0.023698,0.015715,0.006128,1.000000;;
       }

       Frame Bip01_L_UpperArm {
        

        FrameTransformMatrix {
         0.687379,-0.700480,0.191931,0.000000,0.714491,0.604709,-0.351896,0.000000,0.130433,0.379019,0.916151,0.000000,0.087086,0.000000,-0.000000,1.000000;;
        }

        Frame Bip01_L_Forearm {
         

         FrameTransformMatrix {
          0.158616,0.000000,-0.987340,0.000000,-0.000000,1.000000,0.000000,0.000000,0.987340,0.000000,0.158617,0.000000,0.137062,0.000000,0.000000,1.000000;;
         }

         Frame Bip01_L_Hand {
          

          FrameTransformMatrix {
           0.983486,-0.051427,0.173524,0.000000,-0.148861,-0.775161,0.613975,0.000000,0.102934,-0.629667,-0.770016,0.000000,0.137062,0.000000,-0.000000,1.000000;;
          }

          Frame Bip01_L_Finger0 {
           

           FrameTransformMatrix {
            0.106459,-0.816685,0.567180,0.000000,0.986518,0.158061,0.042424,0.000000,-0.124297,0.555016,0.822501,0.000000,0.057681,-0.023605,-0.000272,1.000000;;
           }

           Frame Bip01_L_Finger0Nub {
            

            FrameTransformMatrix {
             1.000000,0.000000,0.000000,0.000000,-0.000000,1.000000,-0.000000,0.000000,0.000000,-0.000000,1.000000,0.000000,0.029435,0.000000,-0.000000,1.000000;;
            }
           }
          }

          Frame Bip01_L_Finger1 {
           

           FrameTransformMatrix {
            0.426706,0.040217,0.903495,0.000000,-0.070069,0.997478,-0.011308,0.000000,-0.901672,-0.058482,0.428448,0.000000,0.084102,0.000000,0.000000,1.000000;;
           }

           Frame Bip01_L_Finger1Nub {
            

            FrameTransformMatrix {
             1.000000,0.000000,-0.000000,0.000000,0.000000,1.000000,0.000000,0.000000,-0.000000,0.000000,1.000000,0.000000,0.047988,0.000000,-0.000000,1.000000;;
            }
           }
          }
         }
        }
       }
      }

      Frame Bip01_R_Clavicle {
       

       FrameTransformMatrix {
        -0.169545,-0.982216,0.080659,0.000000,-0.886966,0.187754,0.421949,0.000000,-0.429589,-0.000002,-0.903025,0.000000,-0.023698,-0.015714,0.006128,1.000000;;
       }

       Frame Bip01_R_UpperArm {
        

        FrameTransformMatrix {
         0.589237,0.807600,-0.024128,0.000000,-0.580153,0.443695,0.683050,0.000000,0.562336,-0.388481,0.729973,0.000000,0.087086,0.000000,-0.000000,1.000000;;
        }

        Frame Bip01_R_Forearm {
         

         FrameTransformMatrix {
          -0.064089,-0.000000,-0.997944,0.000000,0.000000,1.000000,0.000000,0.000000,0.997944,0.000000,-0.064089,0.000000,0.137062,0.000000,0.000000,1.000000;;
         }

         Frame Bip01_R_Hand {
          

          FrameTransformMatrix {
           0.971043,-0.039244,-0.235659,0.000000,-0.033216,0.954659,-0.295844,0.000000,0.236584,0.295105,0.925711,0.000000,0.137062,0.000000,0.000000,1.000000;;
          }

          Frame Bip01_R_Finger0 {
           

           FrameTransformMatrix {
            0.558836,0.022484,0.828973,0.000000,-0.558537,0.749101,0.356210,0.000000,-0.612976,-0.662075,0.431183,0.000000,0.057681,0.023605,-0.000272,1.000000;;
           }

           Frame Bip01_R_Finger0Nub {
            

            FrameTransformMatrix {
             -1.000000,0.000000,-0.000000,0.000000,0.000000,1.000000,0.000000,0.000000,0.000000,0.000000,-1.000000,0.000000,0.029435,0.000000,0.000000,1.000000;;
            }
           }
          }

          Frame Bip01_R_Finger1 {
           

           FrameTransformMatrix {
            0.832140,0.000442,0.554565,0.000000,0.259062,0.883871,-0.389433,0.000000,-0.490336,0.467730,0.735391,0.000000,0.084102,0.000000,0.000000,1.000000;;
           }

           Frame Bip01_R_Finger1Nub {
            

            FrameTransformMatrix {
             -1.000000,-0.000000,0.000000,0.000000,0.000000,1.000000,0.000000,0.000000,0.000000,0.000000,-1.000000,0.000000,0.047988,0.000000,0.000000,1.000000;;
            }
           }
          }
         }
        }
       }
      }
     }

     Frame Bip01_BackPack {
      

      FrameTransformMatrix {
       0.190104,-0.000002,-0.981764,0.000000,0.000003,1.000000,-0.000002,0.000000,0.981764,-0.000002,0.190104,0.000000,0.063697,-0.000000,-0.088856,1.000000;;
      }

      Frame Bip01_BackPackNub {
       

       FrameTransformMatrix {
        0.000796,0.000003,1.000000,0.000000,0.000000,-1.000000,0.000003,0.000000,1.000000,0.000000,-0.000796,0.000000,0.053240,0.000000,0.000000,1.000000;;
       }
      }
     }
    }

    Frame Bip01_L_Thigh {
     

     FrameTransformMatrix {
      -0.980670,0.021102,0.194527,0.000000,-0.021931,-0.999757,-0.002110,0.000000,0.194435,-0.006336,0.980895,0.000000,-0.051847,0.055224,0.000502,1.000000;;
     }

     Frame Bip01_L_Calf {
      

      FrameTransformMatrix {
       0.945076,-0.000000,-0.326850,0.000000,0.000000,1.000000,0.000000,0.000000,0.326850,0.000000,0.945077,0.000000,0.237500,0.000000,-0.000000,1.000000;;
      }

      Frame Bip01_L_Foot {
       

       FrameTransformMatrix {
        0.981968,0.023995,0.187521,0.000000,-0.016183,0.998940,-0.043083,0.000000,-0.188357,0.039272,0.981315,0.000000,0.206841,0.000000,-0.000000,1.000000;;
       }

       Frame Bip01_L_Toe0 {
        

        FrameTransformMatrix {
         -0.000000,-0.000000,1.000000,0.000000,0.000000,1.000000,0.000000,0.000000,-1.000000,0.000000,-0.000000,0.000000,0.065373,0.000000,0.066450,1.000000;;
        }

        Frame Bip01_L_Toe0Nub {
         

         FrameTransformMatrix {
          -1.000000,0.000000,-0.000000,0.000000,-0.000000,1.000000,-0.000000,0.000000,0.000000,-0.000000,-1.000000,0.000000,0.006735,0.000000,-0.000000,1.000000;;
         }
        }
       }
      }
     }
    }

    Frame Bip01_R_Thigh {
     

     FrameTransformMatrix {
      -0.973060,-0.122662,0.195213,0.000000,0.100025,-0.987489,-0.121903,0.000000,0.207724,-0.099093,0.973155,0.000000,-0.051419,-0.055223,-0.000386,1.000000;;
     }

     Frame Bip01_R_Calf {
      

      FrameTransformMatrix {
       0.956306,0.000000,-0.292367,0.000000,0.000000,1.000000,0.000000,0.000000,0.292367,-0.000000,0.956306,0.000000,0.237500,-0.000000,0.000000,1.000000;;
      }

      Frame Bip01_R_Foot {
       

       FrameTransformMatrix {
        0.994185,0.021049,0.105612,0.000000,0.005560,0.969371,-0.245538,0.000000,-0.107545,0.244698,0.963617,0.000000,0.206841,0.000000,0.000000,1.000000;;
       }

       Frame Bip01_R_Toe0 {
        

        FrameTransformMatrix {
         -0.041396,-0.315284,0.948094,0.000000,0.122086,0.940201,0.317989,0.000000,-0.991656,0.128912,-0.000429,0.000000,0.065373,-0.000000,0.066450,1.000000;;
        }

        Frame Bip01_R_Toe0Nub {
         

         FrameTransformMatrix {
          1.000000,0.000000,0.000000,0.000000,-0.000000,1.000000,0.000000,0.000000,0.000000,0.000000,1.000000,0.000000,0.006735,0.000000,0.000000,1.000000;;
         }
        }
       }
      }
     }
    }
   }

   Frame Bip01_DressFront {
    

    FrameTransformMatrix {
     -0.976867,-0.000002,0.213850,0.000000,-0.000002,1.000000,-0.000001,0.000000,-0.213850,-0.000002,-0.976867,0.000000,-0.043971,0.001399,0.061084,1.000000;;
    }

    Frame Bip01_DressFront02 {
     

     FrameTransformMatrix {
      0.982159,0.000001,0.188051,0.000000,-0.000001,1.000000,-0.000000,0.000000,-0.188051,-0.000000,0.982159,0.000000,0.183349,-0.000000,-0.000129,1.000000;;
     }

     Frame Bip01_DressFrontNub {
      

      FrameTransformMatrix {
       0.000796,0.000003,1.000000,0.000000,0.000000,-1.000000,0.000003,0.000000,1.000000,-0.000000,-0.000796,0.000000,0.165302,0.000000,0.000000,1.000000;;
      }
     }
    }
   }

   Frame Bip01_DressBack {
    

    FrameTransformMatrix {
     -0.975693,-0.019486,0.218274,0.000000,-0.019079,0.999810,0.003974,0.000000,-0.218310,-0.000287,-0.975879,0.000000,-0.047702,0.000000,-0.078282,1.000000;;
    }

    Frame Bip01_DressBack02 {
     

     FrameTransformMatrix {
      0.986231,0.000000,0.165371,0.000000,-0.000000,1.000000,-0.000000,0.000000,-0.165371,-0.000000,0.986232,0.000000,0.176177,-0.000000,-0.000107,1.000000;;
     }

     Frame Bip01_DressBackNub {
      

      FrameTransformMatrix {
       0.000796,0.000003,1.000000,0.000000,0.000000,-1.000000,0.000003,0.000000,1.000000,-0.000000,-0.000796,0.000000,0.136508,0.000000,0.000000,1.000000;;
      }
     }
    }
   }
  }

  Frame Bip01_Prop1 {
   

   FrameTransformMatrix {
    0.050362,-0.971664,-0.230941,0.000000,-0.679294,-0.202836,0.705279,0.000000,-0.732136,0.121357,-0.670260,0.000000,0.178350,0.096273,-0.012455,1.000000;;
   }
  }

  Frame Bip01_Prop2 {
   

   FrameTransformMatrix {
    0.108259,-0.035362,-0.993494,0.000000,0.955316,0.280200,0.094126,0.000000,0.275049,-0.959290,0.064116,0.000000,0.186874,0.051119,-0.004010,1.000000;;
   }
  }
 }
}

Frame Translation_Data {
 

 FrameTransformMatrix {
  1.000000,0.000000,0.000000,0.000000,0.000000,-0.000000,-1.000000,0.000000,0.000000,1.000000,-0.000000,0.000000,0.000000,-0.000000,0.000000,1.000000;;
 }
}

Frame Body {
 

 FrameTransformMatrix {
  1.000000,0.000000,0.000000,0.000000,0.000000,1.000000,0.000000,0.000000,0.000000,0.000000,1.000000,0.000000,0.000000,0.000000,0.000000,1.000000;;
 }

 Mesh Body {
  617;
  0.072806;0.762253;0.009806;,
  0.033811;0.791757;0.025820;,
  0.041071;0.764242;0.007408;,
  0.080121;0.743762;0.005784;,
  0.092158;0.736107;0.008014;,
  0.050872;0.735058;-0.011851;,
  0.064155;0.701143;-0.021412;,
  0.097601;0.701224;0.013226;,
  0.030442;0.808574;0.064812;,
  0.075559;0.780614;0.057123;,
  0.077325;0.779977;0.090827;,
  0.044953;0.785440;0.095035;,
  0.087204;0.554613;0.075527;,
  0.045047;0.551263;0.098635;,
  0.046045;0.563411;0.092222;,
  0.080485;0.564879;0.071260;,
  0.077220;0.563172;0.015191;,
  0.089412;0.537210;0.036007;,
  0.050503;0.557295;-0.016264;,
  0.047461;0.502557;-0.002759;,
  0.075816;0.512755;0.007352;,
  0.010494;0.737222;-0.018944;,
  0.011156;0.700653;-0.034200;,
  0.003037;0.547074;0.097169;,
  0.003156;0.561338;0.090669;,
  0.051849;0.655137;0.098159;,
  -0.000337;0.655973;0.098220;,
  -0.002461;0.691374;0.106479;,
  0.054652;0.693584;0.107731;,
  0.063072;0.467232;-0.007475;,
  0.068815;0.370642;-0.022529;,
  0.105764;0.364662;0.006702;,
  0.096416;0.462285;0.030154;,
  0.068900;0.274649;-0.037384;,
  0.096214;0.271223;0.007641;,
  0.013614;0.466371;0.011268;,
  0.014606;0.445077;0.106700;,
  0.024218;0.356726;0.076128;,
  0.020312;0.367033;0.000962;,
  0.041234;0.271731;0.044392;,
  0.039681;0.270638;0.002305;,
  0.089309;0.439779;0.087500;,
  0.104002;0.357031;0.070998;,
  0.081946;0.274089;0.045583;,
  0.088921;-0.001437;0.054149;,
  0.044026;-0.001414;0.051082;,
  0.049356;-0.001521;0.099609;,
  0.084212;-0.001544;0.099342;,
  0.069026;0.216727;-0.006846;,
  0.067293;0.143693;0.005558;,
  0.095516;0.145524;0.035235;,
  0.099442;0.219105;0.022891;,
  0.067303;0.066025;0.020515;,
  0.086527;0.067668;0.049574;,
  0.026734;0.202029;0.017643;,
  0.026461;0.224223;0.068772;,
  0.032857;0.158676;0.069983;,
  0.036885;0.144699;0.029703;,
  0.053302;0.080170;0.071131;,
  0.050121;0.059933;0.046017;,
  0.098395;0.231336;0.070784;,
  0.094892;0.156883;0.072063;,
  0.077443;0.085003;0.071109;,
  0.095220;0.508646;0.042872;,
  0.006843;0.494349;-0.015646;,
  0.006226;0.460625;0.000118;,
  0.013614;0.466371;0.011268;,
  0.095055;0.506212;0.097440;,
  0.044220;0.506250;0.119750;,
  0.089207;0.454309;0.094145;,
  0.043063;0.458425;0.115076;,
  0.049036;0.609575;0.088851;,
  0.084788;0.654432;0.082733;,
  0.097531;0.660338;0.066820;,
  0.095207;0.666679;0.012883;,
  0.077958;0.614648;0.014174;,
  0.082501;0.610773;0.065226;,
  0.063757;0.666554;-0.025634;,
  0.056854;0.611490;-0.016692;,
  0.009153;0.666384;-0.036410;,
  0.008344;0.606866;-0.024528;,
  0.120446;0.707587;0.000561;,
  0.069531;0.702380;0.017178;,
  0.145227;0.663990;0.007641;,
  0.090526;0.644907;0.022927;,
  0.115725;0.609075;0.040019;,
  0.160405;0.622616;0.026801;,
  0.084381;0.703543;0.076254;,
  0.103788;0.657393;0.086439;,
  0.090526;0.644907;0.022927;,
  0.129290;0.596955;0.081677;,
  0.115725;0.609075;0.040019;,
  0.093281;0.708386;0.081331;,
  0.133347;0.719129;0.064193;,
  0.158504;0.676803;0.071171;,
  0.173885;0.610221;0.068461;,
  0.132851;0.716121;0.026436;,
  0.157220;0.629949;0.010183;,
  0.103642;0.614533;0.024042;,
  0.103369;0.588076;-0.030566;,
  0.137687;0.599275;-0.037219;,
  0.105264;0.569235;-0.068992;,
  0.124837;0.570167;-0.076143;,
  0.103642;0.614533;0.024042;,
  0.125561;0.563922;0.054748;,
  0.130726;0.543920;-0.006574;,
  0.103369;0.588076;-0.030566;,
  0.114646;0.539223;-0.051386;,
  0.105264;0.569235;-0.068992;,
  0.178809;0.579382;0.040981;,
  0.156952;0.552939;-0.011566;,
  0.135852;0.538807;-0.059996;,
  0.072614;0.523428;-0.172047;,
  0.080167;0.537556;-0.156972;,
  0.073304;0.513437;-0.115865;,
  0.066052;0.499814;-0.131128;,
  0.112789;0.568487;-0.142336;,
  0.108673;0.563213;-0.151339;,
  0.117844;0.557893;-0.154281;,
  0.124076;0.567922;-0.145235;,
  0.082357;0.535980;-0.080426;,
  0.082792;0.508651;-0.105897;,
  0.116041;0.541646;-0.130210;,
  0.106028;0.568142;-0.110047;,
  0.113977;0.516363;-0.073585;,
  0.096477;0.494585;-0.109501;,
  0.139761;0.549995;-0.103687;,
  0.128853;0.526536;-0.132217;,
  0.107166;0.763026;0.055638;,
  0.112178;0.765846;0.026290;,
  0.075559;0.780614;0.057123;,
  0.075273;0.777881;0.032052;,
  0.092921;0.698491;0.094314;,
  0.043022;0.803993;0.039465;,
  0.101828;0.752420;0.003913;,
  0.072806;0.762253;0.009806;,
  0.080121;0.743762;0.005784;,
  0.093503;0.725003;0.003131;,
  0.094938;0.740336;0.095374;,
  0.054357;0.730928;0.108328;,
  0.097794;0.744542;0.092108;,
  -0.003406;0.725459;0.104878;,
  -0.000962;0.781687;0.083918;,
  0.077325;0.779977;0.090827;,
  0.097794;0.744542;0.092108;,
  0.086808;0.723925;0.034708;,
  0.098030;0.733564;0.080466;,
  0.069531;0.702380;0.017178;,
  0.098157;0.697646;0.062380;,
  0.094608;0.696896;0.027163;,
  0.092158;0.736107;0.008014;,
  0.101934;0.699326;0.078898;,
  0.106028;0.568142;-0.110047;,
  0.028672;0.843841;0.048718;,
  0.040141;0.834119;0.031763;,
  0.001248;0.810384;0.066179;,
  0.001945;0.848637;0.052154;,
  0.128853;0.526536;-0.132217;,
  0.072614;0.523428;-0.172047;,
  0.066052;0.499814;-0.131128;,
  0.110752;0.564227;-0.122948;,
  0.133527;0.556132;-0.132262;,
  0.110752;0.564227;-0.122948;,
  0.106994;0.552642;-0.135926;,
  0.125404;0.536706;-0.139513;,
  0.125404;0.536706;-0.139513;,
  0.112789;0.568487;-0.142336;,
  0.124076;0.567922;-0.145235;,
  0.117844;0.557893;-0.154281;,
  0.095163;0.020229;-0.022685;,
  0.063587;0.017195;-0.060195;,
  0.064908;-0.001384;-0.067431;,
  0.100722;-0.001396;-0.029922;,
  0.045609;0.031889;0.088979;,
  0.049356;-0.001521;0.099609;,
  0.044026;-0.001414;0.051082;,
  0.042655;0.023543;0.048549;,
  0.053302;0.080170;0.071131;,
  0.077443;0.085003;0.071109;,
  0.087149;0.034911;0.088448;,
  0.088921;-0.001437;0.054149;,
  0.084212;-0.001544;0.099342;,
  0.090072;0.033509;0.051678;,
  0.067303;0.066025;0.020515;,
  0.086527;0.067668;0.049574;,
  0.029968;-0.001373;-0.056978;,
  0.036095;0.014162;-0.049741;,
  0.100722;-0.001396;-0.029922;,
  0.029968;-0.001373;-0.056978;,
  0.020312;0.367033;0.000962;,
  0.039681;0.270638;0.002305;,
  0.026734;0.202029;0.017643;,
  0.036885;0.144699;0.029703;,
  0.050121;0.059933;0.046017;,
  0.050121;0.059933;0.046017;,
  0.004434;0.450754;0.051139;,
  0.053575;0.830347;0.012774;,
  0.047413;0.816911;-0.002784;,
  0.038045;0.811894;0.000838;,
  0.034150;0.824342;0.016643;,
  0.043779;0.858700;0.021617;,
  0.033724;0.877622;0.032724;,
  0.035377;0.941240;-0.072651;,
  0.016093;0.944620;-0.077661;,
  0.019046;0.919855;-0.094067;,
  0.052455;0.860314;-0.075425;,
  0.049094;0.888600;-0.083873;,
  0.036472;0.855435;-0.082736;,
  0.059665;0.855988;0.002172;,
  0.054629;0.832542;-0.015435;,
  0.051401;0.844573;0.014102;,
  0.060182;0.894850;-0.001478;,
  0.064038;0.891577;-0.025488;,
  0.065832;0.919675;-0.049820;,
  0.060572;0.903463;-0.071947;,
  0.063087;0.873726;-0.046053;,
  0.042696;0.923900;0.021038;,
  0.055681;0.906525;0.009738;,
  0.002550;0.929484;0.024623;,
  0.006503;0.962958;-0.011343;,
  0.040280;0.956852;-0.014467;,
  0.062344;0.855036;-0.033183;,
  0.050830;0.837991;-0.052004;,
  0.046701;0.816808;-0.023246;,
  0.032655;0.789342;-0.022114;,
  0.014394;0.780882;-0.030801;,
  0.011564;0.790264;-0.012068;,
  0.044424;0.909549;-0.087287;,
  0.054327;0.933276;-0.064235;,
  0.057605;0.945050;-0.026860;,
  0.046168;0.954767;-0.045207;,
  0.011270;0.964959;-0.046646;,
  0.028534;0.962319;-0.045087;,
  0.002241;0.890682;0.035043;,
  0.057605;0.945050;-0.026860;,
  0.046168;0.954767;-0.045207;,
  0.066072;0.858125;0.001067;,
  0.075508;0.891061;0.003298;,
  0.072463;0.902731;-0.014254;,
  0.065193;0.884044;-0.009688;,
  0.075508;0.891061;0.003298;,
  0.066072;0.858125;0.001067;,
  0.072463;0.902731;-0.014254;,
  0.064038;0.891577;-0.025488;,
  0.064261;0.867456;-0.018311;,
  0.059665;0.855988;0.002172;,
  0.051602;0.856879;-0.063752;,
  0.064261;0.867456;-0.018311;,
  0.043022;0.803993;0.039465;,
  0.040141;0.834119;0.031763;,
  0.075273;0.777881;0.032052;,
  0.043779;0.858700;0.021617;,
  0.008118;0.782942;0.002936;,
  0.009025;0.760710;-0.005486;,
  0.007218;0.554964;-0.021388;,
  0.002217;0.503695;0.118198;,
  0.002189;0.469416;0.116935;,
  -0.000218;0.443745;0.104154;,
  0.009222;0.803629;-0.002058;,
  0.004434;0.450754;0.051139;,
  0.028534;0.962319;-0.045087;,
  0.011270;0.964959;-0.046646;,
  0.035430;0.813472;-0.042942;,
  0.029931;0.829009;-0.061654;,
  0.029703;0.820659;-0.056814;,
  0.020201;0.905384;-0.099472;,
  0.020886;0.879952;-0.099142;,
  0.032788;0.852585;-0.070579;,
  0.001533;0.608880;0.088080;,
  0.075273;0.777881;0.032052;,
  0.064908;-0.001384;-0.067431;,
  0.034504;0.807963;-0.039404;,
  0.027723;0.802386;-0.045253;,
  0.027293;0.808358;-0.044727;,
  0.019275;0.819278;-0.074596;,
  0.017659;0.816859;-0.062258;,
  0.027852;0.809208;-0.050863;,
  0.015814;0.808014;-0.046900;,
  0.016261;0.799218;-0.048318;,
  0.020488;0.850556;-0.090047;,
  0.019546;0.844552;-0.081893;,
  0.098030;0.733564;0.080466;,
  0.017032;0.807014;-0.055606;,
  0.081569;0.725754;0.051670;,
  0.086808;0.723925;0.034708;,
  0.092158;0.736107;0.008014;,
  0.055681;0.906525;0.009738;,
  0.069026;0.216727;-0.006846;,
  0.029399;0.221225;-0.031812;,
  0.039399;0.144741;-0.021185;,
  0.067293;0.143693;0.005558;,
  0.068900;0.274649;-0.037384;,
  0.031762;0.278453;-0.043055;,
  0.068815;0.370642;-0.022529;,
  0.018915;0.370833;-0.027672;,
  0.063072;0.467232;-0.007475;,
  0.015204;0.459214;-0.018762;,
  0.047461;0.502557;-0.002759;,
  0.040052;0.072212;-0.016730;,
  0.067303;0.066025;0.020515;,
  0.036187;0.153267;0.096375;,
  0.038898;0.083635;0.105109;,
  -0.004981;0.079483;0.105876;,
  -0.003317;0.152825;0.101372;,
  -0.001266;0.219592;0.088025;,
  0.030289;0.224293;0.082898;,
  0.001471;0.281034;0.088069;,
  0.032867;0.270269;0.074220;,
  0.022516;0.355330;0.090930;,
  0.000043;0.366564;0.100851;,
  0.001793;0.441652;0.116315;,
  0.081569;0.725754;0.051670;,
  -0.060765;0.769940;-0.000714;,
  -0.069124;0.750480;-0.007256;,
  -0.025069;0.764353;-0.000006;,
  -0.021975;0.791851;0.019566;,
  -0.075241;0.737137;-0.009580;,
  -0.082775;0.701372;-0.004222;,
  -0.043311;0.701231;-0.031808;,
  -0.030460;0.735194;-0.020968;,
  -0.027266;0.808671;0.058343;,
  -0.048186;0.785596;0.084595;,
  -0.079124;0.782235;0.074421;,
  -0.068283;0.789006;0.046138;,
  -0.079394;0.554960;0.069744;,
  -0.072551;0.565067;0.065708;,
  -0.039727;0.563517;0.089110;,
  -0.038955;0.551438;0.095720;,
  -0.065232;0.563347;0.010023;,
  -0.078929;0.537562;0.030163;,
  -0.036319;0.557401;-0.019414;,
  -0.063660;0.513197;0.002694;,
  -0.034536;0.502728;-0.005605;,
  0.003156;0.561338;0.090669;,
  0.003037;0.547074;0.097169;,
  -0.051896;0.655109;0.090147;,
  -0.058750;0.693677;0.096761;,
  -0.002461;0.691374;0.106479;,
  -0.000337;0.655973;0.098220;,
  -0.055996;0.468123;-0.011511;,
  -0.089194;0.465040;0.026506;,
  -0.107810;0.369377;0.003318;,
  -0.071522;0.372682;-0.027140;,
  -0.105826;0.275443;0.003178;,
  -0.079812;0.277866;-0.042761;,
  -0.007628;0.463265;0.005502;,
  -0.022694;0.364913;-0.005396;,
  -0.024841;0.354113;0.069771;,
  -0.009590;0.445127;0.105861;,
  -0.049737;0.270414;-0.004136;,
  -0.049815;0.270491;0.038080;,
  -0.104466;0.360909;0.067446;,
  -0.083225;0.441425;0.083208;,
  -0.090135;0.276118;0.040740;,
  -0.118442;0.002789;0.047617;,
  -0.099657;0.002095;0.088984;,
  -0.066797;-0.002375;0.078247;,
  -0.077204;-0.002977;0.030554;,
  -0.083741;0.219602;-0.014607;,
  -0.112932;0.223060;0.016232;,
  -0.114792;0.148904;0.025144;,
  -0.087737;0.146168;-0.005535;,
  -0.111012;0.070325;0.037021;,
  -0.096082;0.067706;0.005915;,
  -0.042098;0.200344;0.007741;,
  -0.056631;0.143534;0.017575;,
  -0.050224;0.155216;0.058277;,
  -0.038416;0.220001;0.059767;,
  -0.077056;0.058642;0.025133;,
  -0.074485;0.078853;0.054103;,
  -0.112100;0.158422;0.062398;,
  -0.109409;0.232888;0.064557;,
  -0.097645;0.086009;0.057223;,
  -0.085318;0.509022;0.036606;,
  -0.007628;0.463265;0.005502;,
  -0.039782;0.506426;0.116834;,
  -0.088947;0.506596;0.091053;,
  -0.037635;0.457930;0.111481;,
  -0.082871;0.455380;0.089173;,
  -0.045717;0.609506;0.083121;,
  -0.082077;0.654387;0.069845;,
  -0.092224;0.660287;0.052165;,
  -0.076091;0.610657;0.055636;,
  -0.065432;0.614544;0.005503;,
  -0.081646;0.666632;-0.000776;,
  -0.040760;0.611419;-0.022595;,
  -0.044656;0.666525;-0.034007;,
  -0.097617;0.728203;-0.017903;,
  -0.124428;0.686247;-0.027165;,
  -0.062700;0.718944;0.021981;,
  -0.150887;0.646343;-0.019187;,
  -0.120192;0.629573;0.014407;,
  -0.086199;0.662928;0.012644;,
  -0.105659;0.719328;0.065181;,
  -0.086199;0.662928;0.012644;,
  -0.129566;0.674356;0.061164;,
  -0.120192;0.629573;0.014407;,
  -0.150635;0.614175;0.038588;,
  -0.115678;0.724623;0.065303;,
  -0.167804;0.698002;0.021383;,
  -0.140778;0.738660;0.030845;,
  -0.181245;0.630643;0.004991;,
  -0.121136;0.736785;-0.001491;,
  -0.139224;0.660192;-0.028321;,
  -0.092792;0.640955;-0.060623;,
  -0.066975;0.628478;-0.037705;,
  -0.101125;0.641942;0.010612;,
  -0.055712;0.621368;-0.088180;,
  -0.044253;0.606443;-0.068735;,
  -0.101125;0.641942;0.010612;,
  -0.066975;0.628478;-0.037705;,
  -0.097159;0.580102;-0.042467;,
  -0.129891;0.585982;0.013324;,
  -0.044253;0.606443;-0.068735;,
  -0.066765;0.585531;-0.081994;,
  -0.116999;0.590068;-0.059821;,
  -0.167733;0.604290;-0.025354;,
  -0.071615;0.588842;-0.090608;,
  0.055117;0.597119;-0.154888;,
  0.011461;0.580520;-0.164563;,
  0.004714;0.571950;-0.145797;,
  0.048713;0.588657;-0.135619;,
  0.018372;0.575664;-0.108196;,
  0.028449;0.580728;-0.105213;,
  0.025299;0.587102;-0.118278;,
  0.018394;0.578567;-0.119030;,
  -0.047994;0.581020;-0.119945;,
  -0.015111;0.581430;-0.082653;,
  0.005490;0.602126;-0.101526;,
  -0.023258;0.593605;-0.144957;,
  -0.018397;0.612279;-0.150031;,
  -0.051538;0.618686;-0.119516;,
  -0.017898;0.620062;-0.079911;,
  0.008639;0.620755;-0.107814;,
  -0.098435;0.781851;0.044361;,
  -0.100019;0.785788;0.014750;,
  -0.063500;0.787227;0.022285;,
  -0.068283;0.789006;0.046138;,
  -0.093727;0.698644;0.076259;,
  -0.033937;0.804122;0.030838;,
  -0.090037;0.770517;-0.006881;,
  -0.083944;0.742851;-0.004349;,
  -0.069124;0.750480;-0.007256;,
  -0.060765;0.769940;-0.000714;,
  -0.099710;0.742140;0.074753;,
  -0.101984;0.746657;0.070965;,
  -0.060480;0.731121;0.095456;,
  -0.003406;0.725459;0.104878;,
  -0.000962;0.781687;0.083918;,
  -0.079124;0.782235;0.074421;,
  -0.101984;0.746657;0.070965;,
  -0.078983;0.727026;0.018319;,
  -0.062700;0.718944;0.021981;,
  -0.100185;0.737438;0.060829;,
  -0.082517;0.697041;0.010029;,
  -0.092748;0.697803;0.043913;,
  -0.075241;0.737137;-0.009580;,
  -0.099618;0.699491;0.059401;,
  -0.015111;0.581430;-0.082653;,
  -0.029719;0.833282;0.023161;,
  -0.023011;0.843222;0.042354;,
  0.001945;0.848637;0.052154;,
  0.001248;0.810384;0.066179;,
  0.008639;0.620755;-0.107814;,
  0.055117;0.597119;-0.154888;,
  0.011461;0.580520;-0.164563;,
  0.024718;0.595669;-0.092585;,
  0.004782;0.579191;-0.094016;,
  0.004782;0.579191;-0.094016;,
  0.005172;0.587901;-0.109533;,
  0.016026;0.609883;-0.107362;,
  0.016026;0.609883;-0.107362;,
  0.028449;0.580728;-0.105213;,
  0.018372;0.575664;-0.108196;,
  0.025299;0.587102;-0.118278;,
  -0.146097;0.025046;-0.024158;,
  -0.156266;0.004315;-0.028371;,
  -0.134520;-0.000306;-0.075226;,
  -0.128709;0.017951;-0.069550;,
  -0.062576;0.030268;0.065604;,
  -0.073673;0.021594;0.026687;,
  -0.077204;-0.002977;0.030554;,
  -0.066797;-0.002375;0.078247;,
  -0.074485;0.078853;0.054103;,
  -0.101432;0.038620;0.078072;,
  -0.097645;0.086009;0.057223;,
  -0.118442;0.002789;0.047617;,
  -0.116043;0.037590;0.044190;,
  -0.099657;0.002095;0.088984;,
  -0.096082;0.067706;0.005915;,
  -0.111012;0.070325;0.037021;,
  -0.099907;0.011403;-0.068181;,
  -0.098344;-0.004795;-0.076331;,
  -0.098344;-0.004795;-0.076331;,
  -0.156266;0.004315;-0.028371;,
  -0.022694;0.364913;-0.005396;,
  -0.049737;0.270414;-0.004136;,
  -0.042098;0.200344;0.007741;,
  -0.056631;0.143534;0.017575;,
  -0.077056;0.058642;0.025133;,
  -0.077056;0.058642;0.025133;,
  -0.037758;0.827722;0.000293;,
  -0.019966;0.823693;0.009980;,
  -0.018583;0.810267;-0.006900;,
  -0.026904;0.814775;-0.012939;,
  -0.032305;0.856514;0.011220;,
  -0.026679;0.875887;0.024470;,
  -0.003606;0.940120;-0.077978;,
  0.016093;0.944620;-0.077661;,
  -0.014726;0.858383;-0.084606;,
  0.002881;0.854470;-0.087327;,
  -0.010823;0.886878;-0.092061;,
  -0.031333;0.830073;-0.027182;,
  -0.042218;0.853061;-0.011751;,
  -0.036826;0.842038;0.002045;,
  -0.043928;0.891858;-0.015705;,
  -0.041015;0.888559;-0.039844;,
  -0.033581;0.870948;-0.059263;,
  -0.025897;0.900978;-0.083763;,
  -0.037802;0.916697;-0.063981;,
  -0.043264;0.903682;-0.003783;,
  -0.034784;0.921673;0.010450;,
  0.002550;0.929484;0.024623;,
  -0.024800;0.954982;-0.023361;,
  0.006503;0.962958;-0.011343;,
  -0.035263;0.852231;-0.046521;,
  -0.020728;0.814871;-0.032461;,
  -0.018184;0.836008;-0.061435;,
  -0.005974;0.788233;-0.027393;,
  -0.006597;0.908083;-0.094259;,
  -0.023639;0.931036;-0.074890;,
  -0.022104;0.952805;-0.054537;,
  -0.037475;0.942318;-0.039852;,
  -0.005602;0.961338;-0.049752;,
  0.011270;0.964959;-0.046646;,
  0.002241;0.890682;0.035043;,
  -0.037475;0.942318;-0.039852;,
  -0.022104;0.952805;-0.054537;,
  -0.048205;0.854841;-0.014549;,
  -0.045937;0.880851;-0.024874;,
  -0.052758;0.899133;-0.031366;,
  -0.059734;0.887176;-0.015183;,
  -0.048205;0.854841;-0.014549;,
  -0.059734;0.887176;-0.015183;,
  -0.052758;0.899133;-0.031366;,
  -0.041015;0.888559;-0.039844;,
  -0.041794;0.864409;-0.032804;,
  -0.042218;0.853061;-0.011751;,
  -0.016841;0.854913;-0.073105;,
  -0.041794;0.864409;-0.032804;,
  -0.029719;0.833282;0.023161;,
  -0.033937;0.804122;0.030838;,
  -0.063500;0.787227;0.022285;,
  -0.032305;0.856514;0.011220;,
  0.002217;0.503695;0.118198;,
  0.002189;0.469416;0.116935;,
  -0.000218;0.443745;0.104154;,
  0.004434;0.450754;0.051139;,
  -0.005602;0.961338;-0.049752;,
  0.011270;0.964959;-0.046646;,
  -0.004420;0.812328;-0.048387;,
  0.004401;0.819932;-0.060271;,
  0.005009;0.828294;-0.065060;,
  0.003325;0.851738;-0.074605;,
  0.001533;0.608880;0.088080;,
  -0.063500;0.787227;0.022285;,
  -0.134520;-0.000306;-0.075226;,
  0.004237;0.801711;-0.048462;,
  -0.004168;0.806852;-0.044688;,
  0.004172;0.807694;-0.047887;,
  0.005232;0.808558;-0.053954;,
  -0.100185;0.737438;0.060829;,
  -0.077266;0.728543;0.036453;,
  -0.078983;0.727026;0.018319;,
  -0.075241;0.737137;-0.009580;,
  -0.043264;0.903682;-0.003783;,
  -0.029859;0.221281;-0.037756;,
  -0.040748;0.144968;-0.030005;,
  -0.000191;0.145731;-0.032078;,
  0.001255;0.223449;-0.035559;,
  -0.033403;0.277947;-0.047850;,
  0.003473;0.278863;-0.045025;,
  -0.016754;0.369373;-0.031661;,
  0.004385;0.367005;-0.030115;,
  -0.007614;0.457747;-0.022165;,
  0.005331;0.452518;-0.020678;,
  0.006843;0.494349;-0.015646;,
  -0.034536;0.502728;-0.005605;,
  -0.045177;0.072574;-0.027339;,
  -0.001354;0.079322;-0.033001;,
  -0.049795;0.075374;0.090726;,
  -0.097631;0.086008;0.057222;,
  -0.112100;0.158422;0.062398;,
  -0.047270;0.150323;0.083302;,
  -0.109409;0.232888;0.064557;,
  -0.045583;0.217599;0.075373;,
  -0.040367;0.268526;0.071500;,
  -0.090135;0.276118;0.040740;,
  -0.104466;0.360909;0.067446;,
  -0.022511;0.351236;0.086881;,
  0.002189;0.469416;0.116935;,
  -0.037635;0.457930;0.111481;,
  -0.077266;0.728543;0.036453;,
  -0.055996;0.468123;-0.011511;,
  -0.071522;0.372682;-0.027140;,
  -0.079812;0.277866;-0.042761;,
  -0.083741;0.219602;-0.014607;,
  -0.087737;0.146168;-0.005535;,
  -0.096082;0.067706;0.005915;,
  0.104002;0.357031;0.070998;,
  0.043063;0.458425;0.115076;,
  0.089309;0.439779;0.087500;,
  0.081946;0.274089;0.045583;,
  0.098395;0.231336;0.070784;,
  0.094892;0.156883;0.072063;,
  0.077443;0.085003;0.071109;,
  -0.083225;0.441425;0.083208;;
  916;
  3;0,2,1;,
  3;2,0,3;,
  3;4,6,5;,
  3;6,4,7;,
  3;8,10,9;,
  3;10,8,11;,
  3;12,14,13;,
  3;14,12,15;,
  3;16,12,17;,
  3;12,16,15;,
  3;18,20,19;,
  3;20,18,16;,
  3;5,22,21;,
  3;22,5,6;,
  3;13,24,23;,
  3;24,13,14;,
  3;25,27,26;,
  3;27,25,28;,
  3;29,31,30;,
  3;31,29,32;,
  3;31,33,30;,
  3;33,31,34;,
  3;35,37,36;,
  3;37,35,38;,
  3;38,39,37;,
  3;39,38,40;,
  3;36,42,41;,
  3;42,36,37;,
  3;37,43,42;,
  3;43,37,39;,
  3;41,31,32;,
  3;31,41,42;,
  3;42,34,31;,
  3;34,42,43;,
  3;44,46,45;,
  3;46,44,47;,
  3;48,50,49;,
  3;50,48,51;,
  3;49,53,52;,
  3;53,49,50;,
  3;54,56,55;,
  3;56,54,57;,
  3;57,58,56;,
  3;58,57,59;,
  3;55,61,60;,
  3;61,55,56;,
  3;56,62,61;,
  3;62,56,58;,
  3;60,50,51;,
  3;50,60,61;,
  3;61,53,50;,
  3;53,61,62;,
  3;32,20,63;,
  3;20,32,29;,
  3;64,66,65;,
  3;66,64,19;,
  3;13,67,12;,
  3;67,13,68;,
  3;68,69,67;,
  3;69,68,70;,
  3;70,41,69;,
  3;41,70,36;,
  3;48,34,51;,
  3;34,48,33;,
  3;51,43,60;,
  3;43,51,34;,
  3;43,55,60;,
  3;55,43,39;,
  3;39,54,55;,
  3;54,39,40;,
  3;12,63,17;,
  3;63,12,67;,
  3;67,32,63;,
  3;32,67,69;,
  3;69,41,32;,
  3;71,72,25;,
  3;73,75,74;,
  3;75,73,76;,
  3;75,77,74;,
  3;77,75,78;,
  3;79,78,80;,
  3;78,79,77;,
  3;81,83,82;,
  3;83,85,84;,
  3;85,83,86;,
  3;87,89,88;,
  3;89,90,88;,
  3;90,89,91;,
  3;92,94,93;,
  3;92,88,94;,
  3;92,87,88;,
  3;88,95,94;,
  3;95,88,90;,
  3;96,94,83;,
  3;94,86,83;,
  3;86,94,95;,
  3;97,99,98;,
  3;99,97,100;,
  3;100,101,99;,
  3;101,100,102;,
  3;103,105,104;,
  3;105,103,106;,
  3;106,107,105;,
  3;107,106,108;,
  3;104,110,109;,
  3;110,104,105;,
  3;105,111,110;,
  3;111,105,107;,
  3;109,100,97;,
  3;100,109,110;,
  3;110,102,100;,
  3;102,110,111;,
  3;112,114,113;,
  3;114,112,115;,
  3;116,118,117;,
  3;118,116,119;,
  3;120,122,121;,
  3;122,120,123;,
  3;120,125,124;,
  3;125,120,121;,
  3;126,125,127;,
  3;125,126,124;,
  3;95,97,86;,
  3;97,95,109;,
  3;86,98,85;,
  3;98,86,97;,
  3;90,103,104;,
  3;103,90,91;,
  3;104,95,90;,
  3;95,104,109;,
  3;128,96,129;,
  3;96,128,93;,
  3;129,130,128;,
  3;130,129,131;,
  3;72,28,25;,
  3;28,72,132;,
  3;9,133,8;,
  3;134,136,135;,
  3;136,134,137;,
  3;81,137,134;,
  3;138,11,139;,
  3;138,10,11;,
  3;138,140,10;,
  3;141,11,142;,
  3;11,141,139;,
  3;128,130,143;,
  3;93,144,92;,
  3;93,143,144;,
  3;93,128,143;,
  3;145,87,146;,
  3;87,145,147;,
  3;74,148,73;,
  3;148,74,149;,
  3;150,147,145;,
  3;7,149,74;,
  3;148,151,73;,
  3;102,152,101;,
  3;152,102,126;,
  3;102,124,126;,
  3;124,102,111;,
  3;111,120,124;,
  3;120,111,107;,
  3;120,108,123;,
  3;108,120,107;,
  3;8,154,153;,
  3;154,8,133;,
  3;153,155,8;,
  3;155,153,156;,
  3;121,113,114;,
  3;113,121,122;,
  3;122,112,113;,
  3;112,122,157;,
  3;158,125,159;,
  3;125,158,127;,
  3;159,121,114;,
  3;121,159,125;,
  3;126,160,152;,
  3;160,126,161;,
  3;162,122,123;,
  3;122,162,163;,
  3;122,164,157;,
  3;164,122,163;,
  3;165,126,127;,
  3;126,165,161;,
  3;161,166,160;,
  3;166,161,167;,
  3;162,117,163;,
  3;117,162,116;,
  3;163,118,164;,
  3;118,163,117;,
  3;165,167,161;,
  3;167,165,168;,
  3;169,171,170;,
  3;171,169,172;,
  3;173,175,174;,
  3;175,173,176;,
  3;177,179,178;,
  3;179,177,173;,
  3;180,179,181;,
  3;179,180,182;,
  3;183,169,170;,
  3;169,183,184;,
  3;175,186,185;,
  3;186,175,176;,
  3;45,187,44;,
  3;187,45,188;,
  3;180,169,182;,
  3;169,180,172;,
  3;19,29,66;,
  3;20,29,19;,
  3;29,30,189;,
  3;30,190,189;,
  3;190,30,33;,
  3;33,191,190;,
  3;191,33,48;,
  3;191,49,192;,
  3;49,191,48;,
  3;192,52,193;,
  3;52,192,49;,
  3;194,170,186;,
  3;170,194,183;,
  3;170,185,186;,
  3;185,170,171;,
  3;186,176,194;,
  3;194,173,177;,
  3;173,194,176;,
  3;179,174,181;,
  3;174,179,173;,
  3;178,182,184;,
  3;182,178,179;,
  3;182,169,184;,
  3;16,17,20;,
  3;17,63,20;,
  3;66,195,65;,
  3;196,198,197;,
  3;198,196,199;,
  3;200,153,154;,
  3;153,200,201;,
  3;202,204,203;,
  3;205,207,206;,
  3;196,209,208;,
  3;209,196,197;,
  3;210,208,211;,
  3;208,210,196;,
  3;212,214,213;,
  3;214,212,215;,
  3;212,213,211;,
  3;201,217,216;,
  3;217,201,200;,
  3;218,220,219;,
  3;220,218,216;,
  3;210,199,196;,
  3;214,205,206;,
  3;221,223,222;,
  3;197,198,224;,
  3;224,226,225;,
  3;226,224,198;,
  3;227,214,206;,
  3;228,229,213;,
  3;229,228,230;,
  3;219,232,231;,
  3;214,228,213;,
  3;156,201,233;,
  3;201,156,153;,
  3;233,216,218;,
  3;216,233,201;,
  3;220,216,234;,
  3;235,220,234;,
  3;236,238,237;,
  3;238,236,239;,
  3;208,240,211;,
  3;240,208,241;,
  3;211,242,212;,
  3;242,211,240;,
  3;243,239,244;,
  3;239,243,238;,
  3;244,236,245;,
  3;236,244,239;,
  3;246,221,222;,
  3;221,246,215;,
  3;221,212,247;,
  3;212,221,215;,
  3;199,248,1;,
  3;248,199,249;,
  3;133,9,250;,
  3;249,210,251;,
  3;210,249,199;,
  3;210,211,251;,
  3;252,2,253;,
  3;2,252,1;,
  3;19,254,18;,
  3;254,19,64;,
  3;23,68,13;,
  3;68,23,255;,
  3;68,256,70;,
  3;256,68,255;,
  3;256,36,70;,
  3;36,256,257;,
  3;258,1,252;,
  3;1,258,199;,
  3;257,259,36;,
  3;36,259,35;,
  3;260,203,261;,
  3;203,260,202;,
  3;262,263,222;,
  3;263,262,264;,
  3;198,258,226;,
  3;258,198,199;,
  3;265,204,227;,
  3;265,206,266;,
  3;206,265,227;,
  3;222,267,246;,
  3;267,222,263;,
  3;89,87,147;,
  3;82,83,84;,
  3;78,16,18;,
  3;16,78,75;,
  3;75,15,16;,
  3;15,75,76;,
  3;15,71,14;,
  3;71,15,76;,
  3;14,268,24;,
  3;268,14,71;,
  3;248,269,1;,
  3;1,269,0;,
  3;135,129,134;,
  3;129,135,131;,
  3;134,96,81;,
  3;96,134,129;,
  3;96,83,81;,
  3;94,96,93;,
  3;29,189,66;,
  3;205,215,246;,
  3;267,205,246;,
  3;205,267,207;,
  3;205,214,215;,
  3;187,188,270;,
  3;224,272,271;,
  3;223,221,209;,
  3;224,223,197;,
  3;271,273,262;,
  3;273,271,272;,
  3;263,275,274;,
  3;273,276,262;,
  3;277,272,278;,
  3;272,277,273;,
  3;223,271,262;,
  3;271,223,224;,
  3;223,209,197;,
  3;208,221,247;,
  3;221,208,209;,
  3;222,223,262;,
  3;266,207,279;,
  3;207,266,206;,
  3;207,280,279;,
  3;280,207,267;,
  3;280,263,274;,
  3;263,280,267;,
  3;264,262,276;,
  3;76,73,72;,
  3;138,281,140;,
  3;73,132,72;,
  3;132,73,151;,
  3;72,71,76;,
  3;272,225,278;,
  3;155,11,8;,
  3;276,277,282;,
  3;277,276,273;,
  3;275,276,282;,
  3;276,275,264;,
  3;28,141,27;,
  3;141,28,139;,
  3;139,132,138;,
  3;132,139,28;,
  3;132,281,138;,
  3;281,132,151;,
  3;281,148,283;,
  3;148,281,151;,
  3;283,149,284;,
  3;149,283,148;,
  3;7,284,149;,
  3;284,7,4;,
  3;6,79,22;,
  3;79,6,77;,
  3;77,7,74;,
  3;7,77,6;,
  3;5,3,4;,
  3;3,5,2;,
  3;285,137,82;,
  3;137,285,136;,
  3;137,81,82;,
  3;92,146,87;,
  3;146,92,144;,
  3;2,21,253;,
  3;21,2,5;,
  3;286,213,229;,
  3;251,211,286;,
  3;213,286,211;,
  3;234,216,217;,
  3;227,202,228;,
  3;202,230,228;,
  3;230,202,260;,
  3;232,220,235;,
  3;228,214,227;,
  3;26,71,25;,
  3;71,26,268;,
  3;155,142,11;,
  3;18,80,78;,
  3;80,18,254;,
  3;272,224,225;,
  3;275,263,264;,
  3;202,227,204;,
  3;232,219,220;,
  3;287,289,288;,
  3;289,287,290;,
  3;291,288,292;,
  3;288,291,287;,
  3;293,292,294;,
  3;292,293,291;,
  3;295,294,296;,
  3;294,295,293;,
  3;296,297,295;,
  3;298,290,299;,
  3;290,298,289;,
  3;300,302,301;,
  3;302,300,303;,
  3;304,300,305;,
  3;300,304,303;,
  3;306,305,307;,
  3;305,306,304;,
  3;308,306,307;,
  3;306,308,309;,
  3;308,310,309;,
  3;145,146,311;,
  3;312,314,313;,
  3;314,312,315;,
  3;316,318,317;,
  3;318,316,319;,
  3;320,322,321;,
  3;322,320,323;,
  3;324,326,325;,
  3;326,324,327;,
  3;328,324,325;,
  3;324,328,329;,
  3;330,331,328;,
  3;331,330,332;,
  3;319,22,318;,
  3;22,319,21;,
  3;327,333,326;,
  3;333,327,334;,
  3;335,337,336;,
  3;337,335,338;,
  3;339,341,340;,
  3;341,339,342;,
  3;341,344,343;,
  3;344,341,342;,
  3;345,347,346;,
  3;347,345,348;,
  3;346,350,349;,
  3;350,346,347;,
  3;348,351,347;,
  3;351,348,352;,
  3;347,353,350;,
  3;353,347,351;,
  3;352,341,351;,
  3;341,352,340;,
  3;351,343,353;,
  3;343,351,341;,
  3;354,356,355;,
  3;356,354,357;,
  3;358,360,359;,
  3;360,358,361;,
  3;361,362,360;,
  3;362,361,363;,
  3;364,366,365;,
  3;366,364,367;,
  3;365,369,368;,
  3;369,365,366;,
  3;367,370,366;,
  3;370,367,371;,
  3;366,372,369;,
  3;372,366,370;,
  3;371,360,370;,
