xof 0303txt 0032
template XSkinMeshHeader {
 <3cf169ce-ff7c-44ab-93c0-f78f62d172e2>
 WORD nMaxSkinWeightsPerVertex;
 WORD nMaxSkinWeightsPerFace;
 WORD nBones;
}

template VertexDuplicationIndices {
 <b8d65549-d7c9-4995-89cf-53a9a8b031e3>
 DWORD nIndices;
 DWORD nOriginalVertices;
 array DWORD indices[nIndices];
}

template SkinWeights {
 <6f0d123b-bad2-4167-a0d0-80224f25fabb>
 STRING transformNodeName;
 DWORD nWeights;
 array DWORD vertexIndices[nWeights];
 array FLOAT weights[nWeights];
 Matrix4x4 matrixOffset;
}

template AnimTicksPerSecond {
 <9e415a43-7ba6-4a73-8743-b73d47e88476>
 DWORD AnimTicksPerSecond;
}

template VertexElement {
 <f752461c-1e23-48f6-b9f8-8350850f336f>
 DWORD Type;
 DWORD Method;
 DWORD Usage;
 DWORD UsageIndex;
}

template DeclData {
 <bf22e553-292c-4781-9fea-62bd554bdd93>
 DWORD nElements;
 array VertexElement Elements[nElements];
 DWORD nDWords;
 array DWORD data[nDWords];
}


AnimTicksPerSecond {
 4800;
}

Frame Dummy01 {
 

 FrameTransformMatrix {
  1.000000,0.000000,0.000000,0.000000,0.000000,-0.000000,-1.000000,0.000000,0.000000,1.000000,-0.000000,0.000000,0.000000,0.000000,0.000000,1.000000;;
 }

 Frame Bip01 {
  

  FrameTransformMatrix {
   0.000001,0.976938,-0.213523,0.000000,0.000000,0.213523,0.976938,0.000000,1.000000,-0.000001,-0.000000,0.000000,0.003000,-0.146368,0.204458,1.000000;;
  }

  Frame Bip01_Pelvis {
   

   FrameTransformMatrix {
    0.000000,1.000000,-0.000001,0.000000,-0.000001,0.000001,1.000000,0.000000,1.000000,0.000000,0.000001,0.000000,0.000000,0.000000,0.000000,1.000000;;
   }

   Frame Bip01_Spine {
    

    FrameTransformMatrix {
     0.927128,0.000001,0.374745,0.000000,-0.000002,1.000000,0.000004,0.000000,-0.374745,-0.000005,0.927128,0.000000,0.051665,0.000000,-0.000079,1.000000;;
    }

    Frame Bip01_Spine1 {
     

     FrameTransformMatrix {
      0.974857,0.006319,0.222742,0.000000,0.000359,0.999552,-0.029927,0.000000,-0.222831,0.029255,0.974418,0.000000,0.106499,-0.000002,-0.000083,1.000000;;
     }

     Frame Bip01_Neck {
      

      FrameTransformMatrix {
       0.756881,0.000002,0.653553,0.000000,-0.000002,1.000000,-0.000001,0.000000,-0.653553,-0.000001,0.756881,0.000000,0.130522,0.000000,0.004632,1.000000;;
      }

      Frame Bip01_Head {
       

       FrameTransformMatrix {
        0.670848,-0.002679,-0.741590,0.000000,0.023904,0.999552,0.018012,0.000000,0.741210,-0.029810,0.670611,0.000000,0.033674,0.000000,-0.000000,1.000000;;
       }

       Frame Bip01_HeadNub {
        

        FrameTransformMatrix {
         1.000000,0.000000,0.000000,0.000000,0.000000,1.000000,0.000000,0.000000,0.000000,0.000000,1.000000,0.000000,0.169824,0.000000,-0.000000,1.000000;;
        }
       }
      }

      Frame Bip01_L_Clavicle {
       

       FrameTransformMatrix {
        -0.008082,0.976262,0.216444,0.000000,0.763541,0.145794,-0.629086,0.000000,-0.645709,0.160179,-0.746594,0.000000,-0.021224,0.015715,0.012207,1.000000;;
       }

       Frame Bip01_L_UpperArm {
        

        FrameTransformMatrix {
         0.562259,-0.176968,-0.807804,0.000000,0.326486,0.944986,0.020224,0.000000,0.759784,-0.275108,0.589104,0.000000,0.087086,0.000000,0.000000,1.000000;;
        }

        Frame Bip01_L_Forearm {
         

         FrameTransformMatrix {
          0.626761,-0.000000,-0.779211,0.000000,-0.000000,1.000000,-0.000000,0.000000,0.779211,-0.000000,0.626761,0.000000,0.137062,-0.000000,-0.000000,1.000000;;
         }

         Frame Bip01_L_Hand {
          

          FrameTransformMatrix {
           0.931333,-0.048062,0.360982,0.000000,0.080958,0.993773,-0.076557,0.000000,-0.355055,0.100524,0.929425,0.000000,0.137062,0.000000,0.000000,1.000000;;
          }

          Frame Bip01_L_Finger0 {
           

           FrameTransformMatrix {
            0.829256,-0.514255,0.218807,0.000000,0.558537,0.749101,-0.356210,0.000000,0.019274,0.417601,0.908427,0.000000,0.057681,-0.023605,-0.000272,1.000000;;
           }

           Frame Bip01_L_Finger0Nub {
            

            FrameTransformMatrix {
             1.000000,0.000000,0.000000,0.000000,0.000000,1.000000,0.000000,0.000000,0.000000,-0.000000,1.000000,0.000000,0.029435,0.000000,0.000000,1.000000;;
            }
           }
          }

          Frame Bip01_L_Finger1 {
           

           FrameTransformMatrix {
            0.989590,-0.000115,0.143914,0.000000,0.000000,1.000000,0.000796,0.000000,-0.143914,-0.000788,0.989590,0.000000,0.084102,0.000000,0.000000,1.000000;;
           }

           Frame Bip01_L_Finger1Nub {
            

            FrameTransformMatrix {
             1.000000,-0.000000,-0.000000,0.000000,0.000000,1.000000,-0.000000,0.000000,-0.000000,0.000000,1.000000,0.000000,0.047988,0.000000,-0.000000,1.000000;;
            }
           }
          }
         }
        }
       }
      }

      Frame Bip01_R_Clavicle {
       

       FrameTransformMatrix {
        -0.008082,-0.976260,0.216449,0.000000,-0.763541,0.145797,0.629085,0.000000,-0.645709,-0.160184,-0.746593,0.000000,-0.021224,-0.015714,0.012207,1.000000;;
       }

       Frame Bip01_R_UpperArm {
        

        FrameTransformMatrix {
         0.469221,0.204872,-0.858987,0.000000,-0.374152,0.927216,0.016764,0.000000,0.799901,0.313526,0.511723,0.000000,0.087086,0.000000,0.000000,1.000000;;
        }

        Frame Bip01_R_Forearm {
         

         FrameTransformMatrix {
          0.569526,0.000000,-0.821973,0.000000,0.000000,1.000000,0.000000,0.000000,0.821974,0.000000,0.569526,0.000000,0.137062,0.000000,0.000000,1.000000;;
         }

         Frame Bip01_R_Hand {
          

          FrameTransformMatrix {
           0.916965,0.174229,-0.358913,0.000000,-0.179902,0.983523,0.017816,0.000000,0.356104,0.048232,0.933201,0.000000,0.137062,0.000000,-0.000000,1.000000;;
          }

          Frame Bip01_R_Finger0 {
           

           FrameTransformMatrix {
            0.829256,0.514255,0.218807,0.000000,-0.558537,0.749101,0.356210,0.000000,0.019274,-0.417601,0.908427,0.000000,0.057681,0.023605,-0.000272,1.000000;;
           }

           Frame Bip01_R_Finger0Nub {
            

            FrameTransformMatrix {
             -1.000000,0.000000,0.000000,0.000000,0.000000,1.000000,-0.000000,0.000000,-0.000000,0.000000,-1.000000,0.000000,0.029435,0.000000,0.000000,1.000000;;
            }
           }
          }

          Frame Bip01_R_Finger1 {
           

           FrameTransformMatrix {
            0.989590,0.000115,0.143914,0.000000,-0.000000,1.000000,-0.000796,0.000000,-0.143914,0.000788,0.989590,0.000000,0.084102,0.000000,0.000000,1.000000;;
           }

           Frame Bip01_R_Finger1Nub {
            

            FrameTransformMatrix {
             -1.000000,0.000000,0.000000,0.000000,-0.000000,1.000000,-0.000000,0.000000,0.000000,-0.000000,-1.000000,0.000000,0.047988,0.000000,0.000000,1.000000;;
            }
           }
          }
         }
        }
       }
      }
     }

     Frame Bip01_BackPack {
      

      FrameTransformMatrix {
       0.190105,-0.000002,-0.981764,0.000000,0.000003,1.000000,-0.000002,0.000000,0.981764,-0.000002,0.190104,0.000000,0.063697,-0.000000,-0.088856,1.000000;;
      }

      Frame Bip01_BackPackNub {
       

       FrameTransformMatrix {
        0.000796,0.000003,1.000000,0.000000,-0.000000,-1.000000,0.000003,0.000000,1.000000,-0.000000,-0.000796,0.000000,0.053240,0.000000,-0.000000,1.000000;;
       }
      }
     }
    }

    Frame Bip01_L_Thigh {
     

     FrameTransformMatrix {
      0.624444,-0.002268,0.781066,0.000000,-0.068067,-0.996349,0.051525,0.000000,0.778098,-0.085339,-0.622319,0.000000,-0.047871,0.055225,0.019434,1.000000;;
     }

     Frame Bip01_L_Calf {
      

      FrameTransformMatrix {
       -0.703378,0.000000,-0.710816,0.000000,0.000000,1.000000,0.000000,0.000000,0.710816,0.000000,-0.703378,0.000000,0.237500,0.000000,0.000000,1.000000;;
      }

      Frame Bip01_L_Foot {
       

       FrameTransformMatrix {
        0.759004,0.085266,0.645479,0.000000,-0.062255,0.996350,-0.058410,0.000000,-0.648103,0.004149,0.761541,0.000000,0.206841,0.000000,0.000000,1.000000;;
       }

       Frame Bip01_L_Toe0 {
        

        FrameTransformMatrix {
         0.000000,-0.000000,1.000000,0.000000,-0.000000,1.000000,-0.000000,0.000000,-1.000000,-0.000000,0.000000,0.000000,0.065373,0.000000,0.066450,1.000000;;
        }

        Frame Bip01_L_Toe0Nub {
         

         FrameTransformMatrix {
          -1.000000,-0.000000,-0.000000,0.000000,0.000000,1.000000,0.000000,0.000000,-0.000000,-0.000000,-1.000000,0.000000,0.006735,0.000000,-0.000000,1.000000;;
         }
        }
       }
      }
     }
    }

    Frame Bip01_R_Thigh {
     

     FrameTransformMatrix {
      -0.524571,-0.114423,0.843643,0.000000,0.133238,-0.989751,-0.051393,0.000000,0.840877,0.085446,0.534440,0.000000,-0.047871,-0.055225,0.019434,1.000000;;
     }

     Frame Bip01_R_Calf {
      

      FrameTransformMatrix {
       -0.749985,0.000000,-0.661455,0.000000,0.000000,1.000000,-0.000000,0.000000,0.661456,0.000000,-0.749985,0.000000,0.237500,-0.000000,0.000000,1.000000;;
      }

      Frame Bip01_R_Foot {
       

       FrameTransformMatrix {
        0.828818,-0.054108,0.556895,0.000000,-0.029300,0.989750,0.139769,0.000000,-0.558750,-0.132160,0.818738,0.000000,0.206841,0.000000,-0.000000,1.000000;;
       }

       Frame Bip01_R_Toe0 {
        

        FrameTransformMatrix {
         -0.987631,-0.000001,0.156797,0.000000,-0.000001,1.000000,0.000000,0.000000,-0.156797,0.000000,-0.987631,0.000000,0.065373,0.000000,0.066450,1.000000;;
        }

        Frame Bip01_R_Toe0Nub {
         

         FrameTransformMatrix {
          1.000000,-0.000000,0.000000,0.000000,-0.000000,1.000000,0.000000,0.000000,0.000000,0.000000,1.000000,0.000000,0.006735,-0.000000,0.000000,1.000000;;
         }
        }
       }
      }
     }
    }
   }

   Frame Bip01_DressFront {
    

    FrameTransformMatrix {
     0.122793,-0.068086,0.990094,0.000000,0.602851,0.797605,-0.019918,0.000000,-0.788348,0.599325,0.138986,0.000000,0.014136,0.001312,0.054110,1.000000;;
    }

    Frame Bip01_DressFront02 {
     

     FrameTransformMatrix {
      0.261191,-0.471110,0.842517,0.000000,0.333170,0.863176,0.379375,0.000000,-0.905968,0.181612,0.382413,0.000000,0.183444,-0.000024,-0.000050,1.000000;;
     }

     Frame Bip01_DressFrontNub {
      

      FrameTransformMatrix {
       0.000796,0.000003,1.000000,0.000000,0.000000,-1.000000,0.000003,0.000000,1.000000,-0.000000,-0.000796,0.000000,0.165302,0.000000,0.000000,1.000000;;
      }
     }
    }
   }

   Frame Bip01_DressBack {
    

    FrameTransformMatrix {
     -0.334676,0.000468,0.942333,0.000000,0.556383,0.807186,0.197202,0.000000,-0.760546,0.590297,-0.270406,0.000000,-0.047626,-0.000083,-0.078381,1.000000;;
    }

    Frame Bip01_DressBack02 {
     

     FrameTransformMatrix {
      0.035040,-0.461251,0.886577,0.000000,0.018627,0.887270,0.460875,0.000000,-0.999212,0.000365,0.039681,0.000000,0.176267,-0.000000,-0.000004,1.000000;;
     }

     Frame Bip01_DressBackNub {
      

      FrameTransformMatrix {
       0.000796,0.000003,1.000000,0.000000,0.000000,-1.000000,0.000003,0.000000,1.000000,-0.000000,-0.000796,0.000000,0.136508,-0.000000,0.000000,1.000000;;
      }
     }
    }
   }
  }

  Frame Bip01_Prop1 {
   

   FrameTransformMatrix {
    0.693109,-0.267470,0.669372,0.000000,-0.630615,-0.674821,0.383331,0.000000,0.349177,-0.687806,-0.636395,0.000000,0.359472,0.053901,-0.012016,1.000000;;
   }
  }

  Frame Bip01_Prop2 {
   

   FrameTransformMatrix {
    0.836726,-0.536632,-0.109162,0.000000,-0.536383,-0.762926,-0.360885,0.000000,0.110380,0.360515,-0.926199,0.000000,0.360878,0.019922,0.135868,1.000000;;
   }
  }
 }
}

Frame Translation_Data {
 

 FrameTransformMatrix {
  1.000000,0.000000,0.000000,0.000000,0.000000,-0.000000,-1.000000,0.000000,0.000000,1.000000,-0.000000,0.000000,0.000000,-0.000000,0.000000,1.000000;;
 }
}

Frame Body {
 

 FrameTransformMatrix {
  1.000000,0.000000,0.000000,0.000000,0.000000,1.000000,0.000000,0.000000,0.000000,0.000000,1.000000,0.000000,0.000000,0.000000,0.000000,1.000000;;
 }

 Mesh Body {
  617;
  0.070107;0.393428;-0.025149;,
  0.032258;0.421941;-0.028089;,
  0.037800;0.389821;-0.019036;,
  0.079822;0.377126;-0.013059;,
  0.088458;0.370328;0.000460;,
  0.045793;0.355768;-0.009279;,
  0.058485;0.331229;0.010031;,
  0.094409;0.354131;0.032039;,
  0.032243;0.462889;-0.016716;,
  0.075589;0.441919;-0.006011;,
  0.082119;0.461515;0.019520;,
  0.049045;0.470307;0.020189;,
  0.086347;0.260938;0.173580;,
  0.045023;0.261538;0.198369;,
  0.045914;0.276172;0.187680;,
  0.079569;0.272447;0.166093;,
  0.074273;0.257790;0.112999;,
  0.087218;0.237338;0.137360;,
  0.046440;0.245041;0.085228;,
  0.044020;0.196998;0.106214;,
  0.072447;0.210725;0.117933;,
  0.004981;0.354438;-0.013522;,
  0.004665;0.324692;0.004163;,
  0.002997;0.257316;0.199055;,
  0.003000;0.274139;0.188178;,
  0.054074;0.381065;0.129010;,
  0.001972;0.383879;0.130861;,
  0.001428;0.419335;0.107498;,
  0.058507;0.418603;0.104065;,
  0.055663;0.230726;0.110446;,
  0.057324;0.256600;0.009617;,
  0.097523;0.231771;0.004825;,
  0.092693;0.206031;0.113120;,
  0.056687;0.236657;-0.102468;,
  0.086712;0.224921;-0.089105;,
  0.008069;0.223135;0.108650;,
  0.015105;0.158182;0.224628;,
  0.025101;0.152486;0.003485;,
  0.012059;0.227145;0.008715;,
  0.034310;0.209569;-0.076004;,
  0.030127;0.221252;-0.090136;,
  0.090972;0.160008;0.120315;,
  0.103631;0.167367;0.001648;,
  0.074883;0.213617;-0.075565;,
  0.088920;-0.001438;0.054139;,
  0.044025;-0.001415;0.051072;,
  0.049355;-0.001522;0.099599;,
  0.084211;-0.001545;0.099332;,
  0.062056;0.171817;-0.074984;,
  0.063763;0.114441;-0.028123;,
  0.091673;0.131958;-0.003734;,
  0.092129;0.189938;-0.050852;,
  0.067387;0.058353;0.022387;,
  0.086423;0.069978;0.048198;,
  0.020364;0.169240;-0.045667;,
  0.018691;0.213748;-0.012156;,
  0.028230;0.157714;0.021129;,
  0.033187;0.125866;-0.007072;,
  0.052692;0.087084;0.063819;,
  0.050120;0.059932;0.046006;,
  0.090184;0.224162;-0.015224;,
  0.090264;0.159981;0.022695;,
  0.076684;0.092365;0.062160;,
  0.093321;0.210248;0.148571;,
  0.002997;0.186951;0.096243;,
  0.003000;0.156239;0.117289;,
  0.008069;0.223135;0.108650;,
  0.095057;0.216712;0.202782;,
  0.045026;0.220556;0.226532;,
  0.090536;0.165554;0.161308;,
  0.045513;0.163212;0.188538;,
  0.049919;0.334399;0.154383;,
  0.085995;0.369259;0.116519;,
  0.097745;0.362893;0.100315;,
  0.092070;0.333016;0.056249;,
  0.074894;0.296591;0.090338;,
  0.082110;0.321401;0.133334;,
  0.058252;0.309445;0.029117;,
  0.052177;0.277699;0.068133;,
  0.003574;0.308096;0.021098;,
  0.003290;0.271086;0.066394;,
  0.101589;0.385939;-0.044973;,
  0.072346;0.364935;-0.004982;,
  0.127876;0.349252;-0.067952;,
  0.095644;0.314513;-0.031288;,
  0.124527;0.279547;-0.049830;,
  0.150851;0.306831;-0.080186;,
  0.120524;0.356634;0.031375;,
  0.144677;0.315540;0.012986;,
  0.095644;0.314513;-0.031288;,
  0.166012;0.270197;-0.020413;,
  0.124527;0.279547;-0.049830;,
  0.130357;0.362260;0.031668;,
  0.150468;0.385960;-0.000708;,
  0.176914;0.350589;-0.023567;,
  0.192324;0.297261;-0.050731;,
  0.126846;0.391321;-0.029831;,
  0.142388;0.303528;-0.096302;,
  0.110751;0.270089;-0.061932;,
  0.101497;0.237259;-0.112118;,
  0.122021;0.260231;-0.132079;,
  0.104560;0.206688;-0.140915;,
  0.108185;0.221596;-0.161649;,
  0.110751;0.270089;-0.061932;,
  0.162405;0.238085;-0.044528;,
  0.152265;0.212706;-0.102441;,
  0.101497;0.237259;-0.112118;,
  0.132639;0.202845;-0.147263;,
  0.104560;0.206688;-0.140915;,
  0.193909;0.271392;-0.078638;,
  0.167781;0.230692;-0.117602;,
  0.137937;0.203373;-0.155323;,
  0.102231;0.094858;-0.220119;,
  0.117639;0.099177;-0.205025;,
  0.143249;0.134080;-0.226113;,
  0.127788;0.129507;-0.240645;,
  0.104798;0.115917;-0.167765;,
  0.104398;0.114652;-0.178902;,
  0.094489;0.119137;-0.180563;,
  0.093324;0.116905;-0.165904;,
  0.145475;0.192098;-0.180442;,
  0.135845;0.169580;-0.208656;,
  0.105382;0.147866;-0.171431;,
  0.123243;0.163745;-0.146178;,
  0.112492;0.205528;-0.193214;,
  0.119459;0.169439;-0.220040;,
  0.088392;0.176899;-0.157137;,
  0.089925;0.149255;-0.183908;,
  0.106323;0.434555;-0.009293;,
  0.107203;0.414539;-0.031387;,
  0.075589;0.441919;-0.006011;,
  0.071377;0.421692;-0.024548;,
  0.095718;0.410299;0.089583;,
  0.042650;0.439476;-0.029546;,
  0.097249;0.390221;-0.032961;,
  0.070107;0.393428;-0.025149;,
  0.079822;0.377126;-0.013059;,
  0.091708;0.378335;-0.014468;,
  0.102547;0.433555;0.052138;,
  0.059174;0.445100;0.070176;,
  0.105438;0.433354;0.046172;,
  0.001291;0.442872;0.074962;,
  0.002346;0.462490;0.018209;,
  0.082119;0.461515;0.019520;,
  0.105438;0.433354;0.046172;,
  0.088597;0.383307;0.024688;,
  0.105588;0.419740;0.044854;,
  0.072346;0.364935;-0.004982;,
  0.098577;0.386678;0.068132;,
  0.092431;0.361265;0.044789;,
  0.088458;0.370328;0.000460;,
  0.103575;0.399390;0.078032;,
  0.123243;0.163745;-0.146178;,
  0.030466;0.462080;-0.047916;,
  0.039867;0.443425;-0.056073;,
  0.003192;0.467087;-0.015908;,
  0.004348;0.469874;-0.046147;,
  0.089925;0.149255;-0.183908;,
  0.102231;0.094858;-0.220119;,
  0.127788;0.129507;-0.240645;,
  0.114444;0.129475;-0.156749;,
  0.089356;0.135325;-0.159456;,
  0.114444;0.129475;-0.156749;,
  0.111617;0.131329;-0.174224;,
  0.092326;0.145904;-0.178827;,
  0.092326;0.145904;-0.178827;,
  0.104798;0.115917;-0.167765;,
  0.093324;0.116905;-0.165904;,
  0.094489;0.119137;-0.180563;,
  0.095161;0.020228;-0.022695;,
  0.063586;0.017194;-0.060205;,
  0.064907;-0.001385;-0.067442;,
  0.100721;-0.001397;-0.029932;,
  0.045608;0.031888;0.088968;,
  0.049355;-0.001522;0.099599;,
  0.044025;-0.001415;0.051072;,
  0.042654;0.023542;0.048539;,
  0.052692;0.087084;0.063819;,
  0.076684;0.092365;0.062160;,
  0.087148;0.034910;0.088437;,
  0.088920;-0.001438;0.054139;,
  0.084211;-0.001545;0.099332;,
  0.090070;0.033508;0.051668;,
  0.067387;0.058353;0.022387;,
  0.086423;0.069978;0.048198;,
  0.029967;-0.001374;-0.056988;,
  0.036094;0.014161;-0.049751;,
  0.100721;-0.001397;-0.029932;,
  0.029967;-0.001374;-0.056988;,
  0.012059;0.227145;0.008715;,
  0.030127;0.221252;-0.090136;,
  0.020364;0.169240;-0.045667;,
  0.033187;0.125866;-0.007072;,
  0.050120;0.059932;0.046006;,
  0.050120;0.059932;0.046006;,
  0.003000;0.154793;0.169268;,
  0.050873;0.434545;-0.069600;,
  0.042282;0.420494;-0.083358;,
  0.033351;0.416030;-0.078223;,
  0.032116;0.427125;-0.061460;,
  0.043174;0.463685;-0.061253;,
  0.035257;0.483551;-0.050064;,
  0.024445;0.541081;-0.158357;,
  0.004764;0.544873;-0.160943;,
  0.004764;0.519140;-0.176074;,
  0.038680;0.459559;-0.158505;,
  0.035012;0.487432;-0.168117;,
  0.021721;0.454863;-0.163310;,
  0.056199;0.459317;-0.082446;,
  0.048161;0.435122;-0.097778;,
  0.049304;0.448893;-0.068854;,
  0.057323;0.497869;-0.088466;,
  0.057799;0.493122;-0.112535;,
  0.057084;0.519733;-0.138536;,
  0.048418;0.502512;-0.158747;,
  0.053566;0.474196;-0.131676;,
  0.043880;0.528747;-0.065609;,
  0.054716;0.510308;-0.077474;,
  0.004764;0.535976;-0.057042;,
  0.004764;0.567223;-0.095164;,
  0.037620;0.559730;-0.102395;,
  0.054040;0.456294;-0.117719;,
  0.039605;0.438653;-0.133774;,
  0.038804;0.419274;-0.103500;,
  0.024265;0.392442;-0.098850;,
  0.004763;0.384179;-0.104497;,
  0.004763;0.394689;-0.086153;,
  0.030522;0.508314;-0.172133;,
  0.044125;0.532916;-0.152081;,
  0.052765;0.546633;-0.116254;,
  0.039231;0.555719;-0.133463;,
  0.004764;0.567074;-0.130844;,
  0.021998;0.563901;-0.131446;,
  0.004763;0.497855;-0.044355;,
  0.052765;0.546633;-0.116254;,
  0.039231;0.555719;-0.133463;,
  0.062456;0.461154;-0.084522;,
  0.073040;0.493800;-0.085558;,
  0.067981;0.504573;-0.103218;,
  0.060867;0.486446;-0.096605;,
  0.073040;0.493800;-0.085558;,
  0.062456;0.461154;-0.084522;,
  0.067981;0.504573;-0.103218;,
  0.057799;0.493122;-0.112535;,
  0.058305;0.469448;-0.104012;,
  0.056199;0.459317;-0.082446;,
  0.039317;0.456815;-0.146636;,
  0.058305;0.469448;-0.104012;,
  0.042650;0.439476;-0.029546;,
  0.039867;0.443425;-0.056073;,
  0.071377;0.421692;-0.024548;,
  0.043174;0.463685;-0.061253;,
  0.004701;0.400467;-0.034393;,
  0.004776;0.379844;-0.022981;,
  0.003000;0.241933;0.082387;,
  0.003000;0.217933;0.226869;,
  0.003000;0.183905;0.231195;,
  0.002946;0.146454;0.147229;,
  0.004999;0.401520;-0.061585;,
  0.003000;0.154793;0.169268;,
  0.021998;0.563901;-0.131446;,
  0.004764;0.567074;-0.130844;,
  0.024882;0.415254;-0.121278;,
  0.017345;0.429911;-0.139990;,
  0.017537;0.421858;-0.134669;,
  0.004764;0.504357;-0.180704;,
  0.004763;0.478974;-0.178937;,
  0.019637;0.452832;-0.150621;,
  0.002421;0.334801;0.156121;,
  0.071377;0.421692;-0.024548;,
  0.064907;-0.001385;-0.067442;,
  0.024287;0.409989;-0.117322;,
  0.016620;0.404344;-0.121868;,
  0.016435;0.410347;-0.121650;,
  0.004763;0.419865;-0.150785;,
  0.004763;0.418199;-0.138218;,
  0.016183;0.410832;-0.127845;,
  0.004763;0.410299;-0.122246;,
  0.004763;0.401427;-0.123179;,
  0.004763;0.450167;-0.168116;,
  0.004763;0.444666;-0.159562;,
  0.105588;0.419740;0.044854;,
  0.004763;0.408771;-0.130961;,
  0.085176;0.396089;0.035833;,
  0.088597;0.383307;0.024688;,
  0.088458;0.370328;0.000460;,
  0.054716;0.510308;-0.077474;,
  0.062056;0.171817;-0.074984;,
  0.023628;0.149588;-0.099657;,
  0.040300;0.083376;-0.082390;,
  0.063763;0.114441;-0.028123;,
  0.056687;0.236657;-0.102468;,
  0.016552;0.232992;-0.091111;,
  0.057324;0.256600;0.009617;,
  0.009569;0.232899;0.008202;,
  0.055663;0.230726;0.110446;,
  0.009341;0.234585;0.097040;,
  0.044020;0.196998;0.106214;,
  0.046539;0.018539;-0.068942;,
  0.067387;0.058353;0.022387;,
  0.034758;0.147469;0.056892;,
  0.041640;0.091600;0.098700;,
  0.028005;-0.022340;0.191949;,
  0.018664;0.021197;0.146370;,
  0.010123;0.056054;0.098479;,
  0.022420;0.220957;0.000023;,
  0.005418;0.073073;0.075328;,
  0.027672;0.201917;-0.065478;,
  0.025226;0.137526;0.003146;,
  0.001643;0.113163;0.130622;,
  0.004204;0.163594;0.218620;,
  0.085176;0.396089;0.035833;,
  -0.060798;0.391180;-0.028357;,
  -0.070528;0.374543;-0.016745;,
  -0.028725;0.388678;-0.020667;,
  -0.023852;0.420977;-0.029465;,
  -0.079587;0.367693;-0.003592;,
  -0.086819;0.351702;0.028573;,
  -0.049490;0.329782;0.007966;,
  -0.036012;0.354362;-0.011285;,
  -0.025800;0.461892;-0.018139;,
  -0.044635;0.468697;0.017892;,
  -0.077443;0.458616;0.015570;,
  -0.069281;0.439261;-0.009592;,
  -0.080352;0.260938;0.173580;,
  -0.073569;0.272448;0.166093;,
  -0.039914;0.276172;0.187680;,
  -0.039029;0.261538;0.198369;,
  -0.068273;0.257790;0.112999;,
  -0.081224;0.237338;0.137360;,
  -0.040439;0.245041;0.085228;,
  -0.066317;0.209960;0.114189;,
  -0.038026;0.196998;0.106214;,
  0.003000;0.274139;0.188178;,
  0.002997;0.257316;0.199055;,
  -0.050019;0.380171;0.127734;,
  -0.055431;0.417076;0.101886;,
  0.001428;0.419335;0.107498;,
  0.001972;0.383879;0.130861;,
  -0.053452;0.178258;0.096027;,
  -0.090576;0.170514;0.128391;,
  -0.107952;0.085232;0.075625;,
  -0.067671;0.093709;0.051940;,
  -0.108103;-0.006256;0.050475;,
  -0.079927;-0.017723;0.034881;,
  -0.006954;0.170003;0.113957;,
  -0.022582;0.078182;0.077303;,
  -0.035539;0.049747;0.146548;,
  -0.009105;0.158182;0.224628;,
  -0.051996;-0.014493;0.051060;,
  -0.054437;-0.005178;0.065766;,
  -0.113867;0.061402;0.135563;,
  -0.089913;0.140493;0.182009;,
  -0.094721;0.000895;0.064006;,
  -0.091697;0.075781;0.306185;,
  -0.086988;0.120398;0.313377;,
  -0.052131;0.120666;0.313396;,
  -0.046802;0.072756;0.305681;,
  -0.081033;-0.009765;0.104110;,
  -0.108249;0.021585;0.094542;,
  -0.101129;0.050941;0.162874;,
  -0.076100;0.019751;0.171899;,
  -0.088854;0.082609;0.235611;,
  -0.071683;0.053177;0.240418;,
  -0.036055;0.012887;0.112372;,
  -0.043387;0.039528;0.165020;,
  -0.035569;0.074537;0.141622;,
  -0.031060;0.056760;0.078358;,
  -0.052896;0.077372;0.244299;,
  -0.054567;0.099516;0.221281;,
  -0.096984;0.083621;0.142862;,
  -0.102558;0.064675;0.070979;,
  -0.078670;0.100893;0.216491;,
  -0.087327;0.210248;0.148571;,
  -0.006954;0.170003;0.113957;,
  -0.039026;0.220557;0.226532;,
  -0.089057;0.216712;0.202782;,
  -0.041263;0.163201;0.221724;,
  -0.086996;0.158710;0.196736;,
  -0.045042;0.333958;0.153754;,
  -0.081430;0.367821;0.114467;,
  -0.092647;0.361258;0.097981;,
  -0.076831;0.320664;0.132282;,
  -0.068811;0.295925;0.089387;,
  -0.085377;0.331491;0.054074;,
  -0.045651;0.277246;0.067485;,
  -0.050524;0.308511;0.027783;,
  -0.088438;0.383486;-0.049518;,
  -0.107388;0.343675;-0.074438;,
  -0.059699;0.366439;-0.007339;,
  -0.123497;0.299015;-0.087770;,
  -0.096039;0.275541;-0.055314;,
  -0.073490;0.313489;-0.035327;,
  -0.108882;0.351035;0.025151;,
  -0.073490;0.313489;-0.035327;,
  -0.125455;0.307120;0.004978;,
  -0.096039;0.275541;-0.055314;,
  -0.137394;0.258863;-0.030480;,
  -0.119407;0.355208;0.024668;,
  -0.159411;0.337610;-0.034024;,
  -0.140109;0.376141;-0.009209;,
  -0.164808;0.282111;-0.062907;,
  -0.115301;0.385084;-0.036403;,
  -0.112700;0.299025;-0.102306;,
  -0.080502;0.262158;-0.136562;,
  -0.058306;0.242494;-0.114927;,
  -0.079268;0.270470;-0.065329;,
  -0.056774;0.228499;-0.165051;,
  -0.050954;0.211183;-0.146441;,
  -0.079268;0.270470;-0.065329;,
  -0.058306;0.242494;-0.114927;,
  -0.104155;0.208383;-0.112054;,
  -0.125460;0.228556;-0.055023;,
  -0.050954;0.211183;-0.146441;,
  -0.077380;0.201340;-0.156746;,
  -0.121046;0.223860;-0.128463;,
  -0.158751;0.257007;-0.091730;,
  -0.082824;0.204401;-0.163064;,
  0.051329;0.168255;-0.209268;,
  0.018221;0.183404;-0.240081;,
  0.000785;0.171280;-0.235592;,
  0.033913;0.155781;-0.204271;,
  0.016020;0.161178;-0.165745;,
  0.021310;0.168378;-0.158243;,
  0.024131;0.174689;-0.171413;,
  0.021085;0.164773;-0.175086;,
  -0.059128;0.192016;-0.197684;,
  -0.037393;0.173862;-0.156817;,
  -0.006500;0.183870;-0.169241;,
  -0.027104;0.193450;-0.216874;,
  -0.013490;0.207976;-0.218194;,
  -0.045350;0.226736;-0.191671;,
  -0.022962;0.208886;-0.148287;,
  0.005834;0.199261;-0.171980;,
  -0.099144;0.431013;-0.014334;,
  -0.098256;0.411001;-0.036426;,
  -0.063068;0.419383;-0.027843;,
  -0.069281;0.439261;-0.009592;,
  -0.091813;0.407785;0.085997;,
  -0.034756;0.438146;-0.031444;,
  -0.087498;0.387133;-0.037463;,
  -0.082164;0.376494;-0.018430;,
  -0.070528;0.374543;-0.016745;,
  -0.060798;0.391180;-0.028357;,
  -0.098251;0.429881;0.047150;,
  -0.100822;0.429532;0.041035;,
  -0.056330;0.443115;0.067343;,
  0.001291;0.442872;0.074962;,
  0.002346;0.462490;0.018209;,
  -0.077443;0.458616;0.015570;,
  -0.100822;0.429532;0.041035;,
  -0.081333;0.380537;0.020562;,
  -0.059699;0.366439;-0.007339;,
  -0.100399;0.416086;0.039767;,
  -0.085532;0.358879;0.041386;,
  -0.093230;0.384108;0.064464;,
  -0.079587;0.367693;-0.003592;,
  -0.098930;0.396676;0.074159;,
  -0.037393;0.173862;-0.156817;,
  -0.030521;0.442760;-0.057022;,
  -0.021608;0.461588;-0.048618;,
  0.004348;0.469874;-0.046147;,
  0.003192;0.467087;-0.015908;,
  0.005834;0.199261;-0.171980;,
  0.051329;0.168255;-0.209268;,
  0.018221;0.183404;-0.240081;,
  0.007826;0.180946;-0.150703;,
  -0.003404;0.160144;-0.161292;,
  -0.003404;0.160144;-0.161292;,
  0.003001;0.169776;-0.174819;,
  0.005118;0.193560;-0.168856;,
  0.005118;0.193560;-0.168856;,
  0.021310;0.168378;-0.158243;,
  0.016020;0.161178;-0.165745;,
  0.024131;0.174689;-0.171413;,
  -0.097938;0.003295;0.272740;,
  -0.103498;-0.007243;0.292962;,
  -0.067684;-0.044287;0.287069;,
  -0.066363;-0.034227;0.269854;,
  -0.048385;0.115405;0.278732;,
  -0.045430;0.074167;0.280636;,
  -0.046802;0.072756;0.305681;,
  -0.052131;0.120666;0.313396;,
  -0.054567;0.099516;0.221281;,
  -0.089925;0.115355;0.275664;,
  -0.078670;0.100893;0.216491;,
  -0.091697;0.075781;0.306185;,
  -0.092847;0.078820;0.271284;,
  -0.086988;0.120398;0.313377;,
  -0.071683;0.053177;0.240418;,
  -0.088854;0.082609;0.235611;,
  -0.038871;-0.024378;0.274490;,
  -0.032744;-0.033961;0.288697;,
  -0.032744;-0.033961;0.288697;,
  -0.103498;-0.007243;0.292962;,
  -0.022582;0.078182;0.077303;,
  -0.051996;-0.014493;0.051060;,
  -0.036055;0.012887;0.112372;,
  -0.043387;0.039528;0.165020;,
  -0.052896;0.077372;0.244299;,
  -0.052896;0.077372;0.244299;,
  -0.041347;0.434545;-0.069600;,
  -0.022408;0.426610;-0.062195;,
  -0.023826;0.416031;-0.078223;,
  -0.032756;0.420494;-0.083358;,
  -0.033648;0.463685;-0.061253;,
  -0.025732;0.483551;-0.050064;,
  -0.014917;0.541081;-0.158357;,
  0.004764;0.544873;-0.160943;,
  -0.029154;0.459559;-0.158505;,
  -0.012195;0.454863;-0.163310;,
  -0.025486;0.487432;-0.168117;,
  -0.038635;0.435122;-0.097778;,
  -0.046673;0.459317;-0.082446;,
  -0.039779;0.448893;-0.068854;,
  -0.047797;0.497869;-0.088466;,
  -0.048273;0.493122;-0.112535;,
  -0.044040;0.474196;-0.131676;,
  -0.038890;0.502512;-0.158747;,
  -0.047556;0.519733;-0.138536;,
  -0.045190;0.510309;-0.077474;,
  -0.034352;0.528747;-0.065609;,
  0.004764;0.535976;-0.057042;,
  -0.028092;0.559730;-0.102395;,
  0.004764;0.567223;-0.095164;,
  -0.044514;0.456294;-0.117719;,
  -0.029279;0.419274;-0.103500;,
  -0.030079;0.438653;-0.133774;,
  -0.014739;0.392443;-0.098851;,
  -0.020994;0.508314;-0.172133;,
  -0.034597;0.532916;-0.152081;,
  -0.029703;0.555719;-0.133463;,
  -0.043237;0.546633;-0.116255;,
  -0.012469;0.563901;-0.131446;,
  0.004764;0.567074;-0.130844;,
  0.004763;0.497855;-0.044355;,
  -0.043237;0.546633;-0.116255;,
  -0.029703;0.555719;-0.133463;,
  -0.052930;0.461154;-0.084522;,
  -0.051341;0.486447;-0.096605;,
  -0.058455;0.504574;-0.103218;,
  -0.063514;0.493800;-0.085559;,
  -0.052930;0.461154;-0.084522;,
  -0.063514;0.493800;-0.085559;,
  -0.058455;0.504574;-0.103218;,
  -0.048273;0.493122;-0.112535;,
  -0.048779;0.469448;-0.104012;,
  -0.046673;0.459317;-0.082446;,
  -0.029791;0.456815;-0.146636;,
  -0.048779;0.469448;-0.104012;,
  -0.030521;0.442760;-0.057022;,
  -0.034756;0.438146;-0.031444;,
  -0.063068;0.419383;-0.027843;,
  -0.033648;0.463685;-0.061253;,
  0.003000;0.217933;0.226869;,
  0.003000;0.183905;0.231195;,
  0.002946;0.146454;0.147229;,
  0.003000;0.154793;0.169268;,
  -0.012469;0.563901;-0.131446;,
  0.004764;0.567074;-0.130844;,
  -0.015356;0.415254;-0.121278;,
  -0.008011;0.421858;-0.134669;,
  -0.007819;0.429911;-0.139990;,
  -0.010112;0.452832;-0.150621;,
  0.002421;0.334801;0.156121;,
  -0.063068;0.419383;-0.027843;,
  -0.067684;-0.044287;0.287069;,
  -0.007094;0.404344;-0.121868;,
  -0.014761;0.409989;-0.117322;,
  -0.006910;0.410347;-0.121650;,
  -0.006657;0.410832;-0.127845;,
  -0.100399;0.416086;0.039767;,
  -0.078916;0.393468;0.031863;,
  -0.081333;0.380537;0.020562;,
  -0.079587;0.367693;-0.003592;,
  -0.045190;0.510309;-0.077474;,
  -0.028541;0.040462;0.017909;,
  -0.028711;0.017395;0.050874;,
  0.004937;0.052460;-0.047362;,
  -0.001499;0.109811;-0.059019;,
  -0.032308;0.064349;-0.026353;,
  -0.005833;0.167048;-0.063002;,
  -0.012903;0.128888;0.028481;,
  0.001159;0.182492;0.009878;,
  -0.002712;0.184336;0.083303;,
  0.004853;0.204444;0.085220;,
  0.002997;0.186951;0.096243;,
  -0.038026;0.196998;0.106214;,
  -0.024571;-0.006282;0.079361;,
  0.009287;0.002843;-0.040077;,
  -0.022450;0.104312;0.208624;,
  -0.078657;0.100893;0.216490;,
  -0.096984;0.083621;0.142862;,
  -0.029342;0.084928;0.141914;,
  -0.102558;0.064675;0.070979;,
  -0.036826;0.073039;0.076802;,
  -0.046563;0.002377;0.076209;,
  -0.094721;0.000895;0.064006;,
  -0.113867;0.061402;0.135563;,
  -0.035708;0.042708;0.162576;,
  0.003000;0.183905;0.231194;,
  -0.041263;0.163201;0.221724;,
  -0.078916;0.393468;0.031863;,
  -0.053452;0.178258;0.096027;,
  -0.067671;0.093709;0.051940;,
  -0.079927;-0.017723;0.034881;,
  -0.081033;-0.009765;0.104110;,
  -0.076100;0.019751;0.171899;,
  -0.071683;0.053177;0.240418;,
  0.103631;0.167367;0.001648;,
  0.045513;0.163212;0.188538;,
  0.090972;0.160008;0.120315;,
  0.074883;0.213617;-0.075565;,
  0.090184;0.224162;-0.015224;,
  0.090264;0.159980;0.022695;,
  0.076684;0.092365;0.062160;,
  -0.089913;0.140493;0.182009;;
  916;
  3;0,2,1;,
  3;2,0,3;,
  3;4,6,5;,
  3;6,4,7;,
  3;8,10,9;,
  3;10,8,11;,
  3;12,14,13;,
  3;14,12,15;,
  3;16,12,17;,
  3;12,16,15;,
  3;18,20,19;,
  3;20,18,16;,
  3;5,22,21;,
  3;22,5,6;,
  3;13,24,23;,
  3;24,13,14;,
  3;25,27,26;,
  3;27,25,28;,
  3;29,31,30;,
  3;31,29,32;,
  3;31,33,30;,
  3;33,31,34;,
  3;35,37,36;,
  3;37,35,38;,
  3;38,39,37;,
  3;39,38,40;,
  3;36,42,41;,
  3;42,36,37;,
  3;37,43,42;,
  3;43,37,39;,
  3;41,31,32;,
  3;31,41,42;,
  3;42,34,31;,
  3;34,42,43;,
  3;44,46,45;,
  3;46,44,47;,
  3;48,50,49;,
  3;50,48,51;,
  3;49,53,52;,
  3;53,49,50;,
  3;54,56,55;,
  3;56,54,57;,
  3;57,58,56;,
  3;58,57,59;,
  3;55,61,60;,
  3;61,55,56;,
  3;56,62,61;,
  3;62,56,58;,
  3;60,50,51;,
  3;50,60,61;,
  3;61,53,50;,
  3;53,61,62;,
  3;32,20,63;,
  3;20,32,29;,
  3;64,66,65;,
  3;66,64,19;,
  3;13,67,12;,
  3;67,13,68;,
  3;68,69,67;,
  3;69,68,70;,
  3;70,41,69;,
  3;41,70,36;,
  3;48,34,51;,
  3;34,48,33;,
  3;51,43,60;,
  3;43,51,34;,
  3;43,55,60;,
  3;55,43,39;,
  3;39,54,55;,
  3;54,39,40;,
  3;12,63,17;,
  3;63,12,67;,
  3;67,32,63;,
  3;32,67,69;,
  3;69,41,32;,
  3;71,72,25;,
  3;73,75,74;,
  3;75,73,76;,
  3;75,77,74;,
  3;77,75,78;,
  3;79,78,80;,
  3;78,79,77;,
  3;81,83,82;,
  3;83,85,84;,
  3;85,83,86;,
  3;87,89,88;,
  3;89,90,88;,
  3;90,89,91;,
  3;92,94,93;,
  3;92,88,94;,
  3;92,87,88;,
  3;88,95,94;,
  3;95,88,90;,
  3;96,94,83;,
  3;94,86,83;,
  3;86,94,95;,
  3;97,99,98;,
  3;99,97,100;,
  3;100,101,99;,
  3;101,100,102;,
  3;103,105,104;,
  3;105,103,106;,
  3;106,107,105;,
  3;107,106,108;,
  3;104,110,109;,
  3;110,104,105;,
  3;105,111,110;,
  3;111,105,107;,
  3;109,100,97;,
  3;100,109,110;,
  3;110,102,100;,
  3;102,110,111;,
  3;112,114,113;,
  3;114,112,115;,
  3;116,118,117;,
  3;118,116,119;,
  3;120,122,121;,
  3;122,120,123;,
  3;120,125,124;,
  3;125,120,121;,
  3;126,125,127;,
  3;125,126,124;,
  3;95,97,86;,
  3;97,95,109;,
  3;86,98,85;,
  3;98,86,97;,
  3;90,103,104;,
  3;103,90,91;,
  3;104,95,90;,
  3;95,104,109;,
  3;128,96,129;,
  3;96,128,93;,
  3;129,130,128;,
  3;130,129,131;,
  3;72,28,25;,
  3;28,72,132;,
  3;9,133,8;,
  3;134,136,135;,
  3;136,134,137;,
  3;81,137,134;,
  3;138,11,139;,
  3;138,10,11;,
  3;138,140,10;,
  3;141,11,142;,
  3;11,141,139;,
  3;128,130,143;,
  3;93,144,92;,
  3;93,143,144;,
  3;93,128,143;,
  3;145,87,146;,
  3;87,145,147;,
  3;74,148,73;,
  3;148,74,149;,
  3;150,147,145;,
  3;7,149,74;,
  3;148,151,73;,
  3;102,152,101;,
  3;152,102,126;,
  3;102,124,126;,
  3;124,102,111;,
  3;111,120,124;,
  3;120,111,107;,
  3;120,108,123;,
  3;108,120,107;,
  3;8,154,153;,
  3;154,8,133;,
  3;153,155,8;,
  3;155,153,156;,
  3;121,113,114;,
  3;113,121,122;,
  3;122,112,113;,
  3;112,122,157;,
  3;158,125,159;,
  3;125,158,127;,
  3;159,121,114;,
  3;121,159,125;,
  3;126,160,152;,
  3;160,126,161;,
  3;162,122,123;,
  3;122,162,163;,
  3;122,164,157;,
  3;164,122,163;,
  3;165,126,127;,
  3;126,165,161;,
  3;161,166,160;,
  3;166,161,167;,
  3;162,117,163;,
  3;117,162,116;,
  3;163,118,164;,
  3;118,163,117;,
  3;165,167,161;,
  3;167,165,168;,
  3;169,171,170;,
  3;171,169,172;,
  3;173,175,174;,
  3;175,173,176;,
  3;177,179,178;,
  3;179,177,173;,
  3;180,179,181;,
  3;179,180,182;,
  3;183,169,170;,
  3;169,183,184;,
  3;175,186,185;,
  3;186,175,176;,
  3;45,187,44;,
  3;187,45,188;,
  3;180,169,182;,
  3;169,180,172;,
  3;19,29,66;,
  3;20,29,19;,
  3;29,30,189;,
  3;30,190,189;,
  3;190,30,33;,
  3;33,191,190;,
  3;191,33,48;,
  3;191,49,192;,
  3;49,191,48;,
  3;192,52,193;,
  3;52,192,49;,
  3;194,170,186;,
  3;170,194,183;,
  3;170,185,186;,
  3;185,170,171;,
  3;186,176,194;,
  3;194,173,177;,
  3;173,194,176;,
  3;179,174,181;,
  3;174,179,173;,
  3;178,182,184;,
  3;182,178,179;,
  3;182,169,184;,
  3;16,17,20;,
  3;17,63,20;,
  3;66,195,65;,
  3;196,198,197;,
  3;198,196,199;,
  3;200,153,154;,
  3;153,200,201;,
  3;202,204,203;,
  3;205,207,206;,
  3;196,209,208;,
  3;209,196,197;,
  3;210,208,211;,
  3;208,210,196;,
  3;212,214,213;,
  3;214,212,215;,
  3;212,213,211;,
  3;201,217,216;,
  3;217,201,200;,
  3;218,220,219;,
  3;220,218,216;,
  3;210,199,196;,
  3;214,205,206;,
  3;221,223,222;,
  3;197,198,224;,
  3;224,226,225;,
  3;226,224,198;,
  3;227,214,206;,
  3;228,229,213;,
  3;229,228,230;,
  3;219,232,231;,
  3;214,228,213;,
  3;156,201,233;,
  3;201,156,153;,
  3;233,216,218;,
  3;216,233,201;,
  3;220,216,234;,
  3;235,220,234;,
  3;236,238,237;,
  3;238,236,239;,
  3;208,240,211;,
  3;240,208,241;,
  3;211,242,212;,
  3;242,211,240;,
  3;243,239,244;,
  3;239,243,238;,
  3;244,236,245;,
  3;236,244,239;,
  3;246,221,222;,
  3;221,246,215;,
  3;221,212,247;,
  3;212,221,215;,
  3;199,248,1;,
  3;248,199,249;,
  3;133,9,250;,
  3;249,210,251;,
  3;210,249,199;,
  3;210,211,251;,
  3;252,2,253;,
  3;2,252,1;,
  3;19,254,18;,
  3;254,19,64;,
  3;23,68,13;,
  3;68,23,255;,
  3;68,256,70;,
  3;256,68,255;,
  3;256,36,70;,
  3;36,256,257;,
  3;258,1,252;,
  3;1,258,199;,
  3;257,259,36;,
  3;36,259,35;,
  3;260,203,261;,
  3;203,260,202;,
  3;262,263,222;,
  3;263,262,264;,
  3;198,258,226;,
  3;258,198,199;,
  3;265,204,227;,
  3;265,206,266;,
  3;206,265,227;,
  3;222,267,246;,
  3;267,222,263;,
  3;89,87,147;,
  3;82,83,84;,
  3;78,16,18;,
  3;16,78,75;,
  3;75,15,16;,
  3;15,75,76;,
  3;15,71,14;,
  3;71,15,76;,
  3;14,268,24;,
  3;268,14,71;,
  3;248,269,1;,
  3;1,269,0;,
  3;135,129,134;,
  3;129,135,131;,
  3;134,96,81;,
  3;96,134,129;,
  3;96,83,81;,
  3;94,96,93;,
  3;29,189,66;,
  3;205,215,246;,
  3;267,205,246;,
  3;205,267,207;,
  3;205,214,215;,
  3;187,188,270;,
  3;224,272,271;,
  3;223,221,209;,
  3;224,223,197;,
  3;271,273,262;,
  3;273,271,272;,
  3;263,275,274;,
  3;273,276,262;,
  3;277,272,278;,
  3;272,277,273;,
  3;223,271,262;,
  3;271,223,224;,
  3;223,209,197;,
  3;208,221,247;,
  3;221,208,209;,
  3;222,223,262;,
  3;266,207,279;,
  3;207,266,206;,
  3;207,280,279;,
  3;280,207,267;,
  3;280,263,274;,
  3;263,280,267;,
  3;264,262,276;,
  3;76,73,72;,
  3;138,281,140;,
  3;73,132,72;,
  3;132,73,151;,
  3;72,71,76;,
  3;272,225,278;,
  3;155,11,8;,
  3;276,277,282;,
  3;277,276,273;,
  3;275,276,282;,
  3;276,275,264;,
  3;28,141,27;,
  3;141,28,139;,
  3;139,132,138;,
  3;132,139,28;,
  3;132,281,138;,
  3;281,132,151;,
  3;281,148,283;,
  3;148,281,151;,
  3;283,149,284;,
  3;149,283,148;,
  3;7,284,149;,
  3;284,7,4;,
  3;6,79,22;,
  3;79,6,77;,
  3;77,7,74;,
  3;7,77,6;,
  3;5,3,4;,
  3;3,5,2;,
  3;285,137,82;,
  3;137,285,136;,
  3;137,81,82;,
  3;92,146,87;,
  3;146,92,144;,
  3;2,21,253;,
  3;21,2,5;,
  3;286,213,229;,
  3;251,211,286;,
  3;213,286,211;,
  3;234,216,217;,
  3;227,202,228;,
  3;202,230,228;,
  3;230,202,260;,
  3;232,220,235;,
  3;228,214,227;,
  3;26,71,25;,
  3;71,26,268;,
  3;155,142,11;,
  3;18,80,78;,
  3;80,18,254;,
  3;272,224,225;,
  3;275,263,264;,
  3;202,227,204;,
  3;232,219,220;,
  3;287,289,288;,
  3;289,287,290;,
  3;291,288,292;,
  3;288,291,287;,
  3;293,292,294;,
  3;292,293,291;,
  3;295,294,296;,
  3;294,295,293;,
  3;296,297,295;,
  3;298,290,299;,
  3;290,298,289;,
  3;300,302,301;,
  3;302,300,303;,
  3;304,300,305;,
  3;300,304,303;,
  3;306,305,307;,
  3;305,306,304;,
  3;308,306,307;,
  3;306,308,309;,
  3;308,310,309;,
  3;145,146,311;,
  3;312,314,313;,
  3;314,312,315;,
  3;316,318,317;,
  3;318,316,319;,
  3;320,322,321;,
  3;322,320,323;,
  3;324,326,325;,
  3;326,324,327;,
  3;328,324,325;,
  3;324,328,329;,
  3;330,331,328;,
  3;331,330,332;,
  3;319,22,318;,
  3;22,319,21;,
  3;327,333,326;,
  3;333,327,334;,
  3;335,337,336;,
  3;337,335,338;,
  3;339,341,340;,
  3;341,339,342;,
  3;341,344,343;,
  3;344,341,342;,
  3;345,347,346;,
  3;347,345,348;,
  3;346,350,349;,
  3;350,346,347;,
  3;348,351,347;,
  3;351,348,352;,
  3;347,353,350;,
  3;353,347,351;,
  3;352,341,351;,
  3;341,352,340;,
  3;351,343,353;,
  3;343,351,341;,
  3;354,356,355;,
  3;356,354,357;,
  3;358,360,359;,
  3;360,358,361;,
  3;361,362,360;,
  3;362,361,363;,
  3;364,366,365;,
  3;366,364,367;,
  3;365,369,368;,
  3;369,365,366;,
  3;367,370,366;,
