xof 0303txt 0032
template XSkinMeshHeader {
 <3cf169ce-ff7c-44ab-93c0-f78f62d172e2>
 WORD nMaxSkinWeightsPerVertex;
 WORD nMaxSkinWeightsPerFace;
 WORD nBones;
}

template VertexDuplicationIndices {
 <b8d65549-d7c9-4995-89cf-53a9a8b031e3>
 DWORD nIndices;
 DWORD nOriginalVertices;
 array DWORD indices[nIndices];
}

template SkinWeights {
 <6f0d123b-bad2-4167-a0d0-80224f25fabb>
 STRING transformNodeName;
 DWORD nWeights;
 array DWORD vertexIndices[nWeights];
 array FLOAT weights[nWeights];
 Matrix4x4 matrixOffset;
}

template AnimTicksPerSecond {
 <9e415a43-7ba6-4a73-8743-b73d47e88476>
 DWORD AnimTicksPerSecond;
}

template VertexElement {
 <f752461c-1e23-48f6-b9f8-8350850f336f>
 DWORD Type;
 DWORD Method;
 DWORD Usage;
 DWORD UsageIndex;
}

template DeclData {
 <bf22e553-292c-4781-9fea-62bd554bdd93>
 DWORD nElements;
 array VertexElement Elements[nElements];
 DWORD nDWords;
 array DWORD data[nDWords];
}


AnimTicksPerSecond {
 4800;
}

Frame Dummy01 {
 

 FrameTransformMatrix {
  1.000000,0.000000,0.000000,0.000000,0.000000,-0.000000,-1.000000,0.000000,0.000000,1.000000,-0.000000,0.000000,0.000000,0.000000,0.000000,1.000000;;
 }

 Frame Bip01 {
  

  FrameTransformMatrix {
   -0.026874,0.990535,-0.134604,0.000000,-0.000000,0.134653,0.990893,0.000000,0.999639,0.026630,-0.003619,0.000000,0.005837,-0.049861,0.505041,1.000000;;
  }

  Frame Bip01_Pelvis {
   

   FrameTransformMatrix {
    0.000000,1.000000,-0.000001,0.000000,-0.000001,0.000001,1.000000,0.000000,1.000000,0.000000,0.000001,0.000000,0.000000,0.000000,0.000000,1.000000;;
   }

   Frame Bip01_Spine {
    

    FrameTransformMatrix {
     0.996698,0.061185,-0.053377,0.000000,-0.054966,0.992291,0.111074,0.000000,0.059761,-0.107773,0.992378,0.000000,0.051628,0.000009,-0.000084,1.000000;;
    }

    Frame Bip01_Spine1 {
     

     FrameTransformMatrix {
      0.987429,-0.004052,0.158010,0.000000,0.005348,0.999956,-0.007773,0.000000,-0.157971,0.008521,0.987407,0.000000,0.106493,-0.000001,-0.000084,1.000000;;
     }

     Frame Bip01_Neck {
      

      FrameTransformMatrix {
       0.781617,0.000002,0.623759,0.000000,-0.000002,1.000000,-0.000001,0.000000,-0.623759,-0.000001,0.781617,0.000000,0.130521,0.000000,0.004631,1.000000;;
      }

      Frame Bip01_Head {
       

       FrameTransformMatrix {
        0.975670,0.059279,-0.211078,0.000000,-0.082020,0.991534,-0.100660,0.000000,0.203324,0.115524,0.972272,0.000000,0.033674,0.000000,0.000000,1.000000;;
       }

       Frame Bip01_HeadNub {
        

        FrameTransformMatrix {
         1.000000,0.000000,0.000000,0.000000,-0.000000,1.000000,-0.000000,0.000000,0.000000,0.000000,1.000000,0.000000,0.169824,-0.000000,-0.000000,1.000000;;
        }
       }
      }

      Frame Bip01_L_Clavicle {
       

       FrameTransformMatrix {
        -0.267159,0.939693,0.213548,0.000000,0.734013,0.342019,-0.586727,0.000000,-0.624381,-0.000002,-0.781120,0.000000,-0.021680,0.015715,0.011376,1.000000;;
       }

       Frame Bip01_L_UpperArm {
        

        FrameTransformMatrix {
         0.483822,-0.875162,0.003005,0.000000,0.752239,0.414106,-0.512496,0.000000,0.447273,0.250217,0.858684,0.000000,0.087086,0.000000,0.000000,1.000000;;
        }

        Frame Bip01_L_Forearm {
         

         FrameTransformMatrix {
          -0.131075,0.000000,-0.991372,0.000000,-0.000000,1.000000,-0.000000,0.000000,0.991373,0.000000,-0.131076,0.000000,0.137062,0.000000,0.000000,1.000000;;
         }

         Frame Bip01_L_Hand {
          

          FrameTransformMatrix {
           0.822765,0.554803,0.123501,0.000000,0.257315,-0.557322,0.789419,0.000000,0.506801,-0.617727,-0.601304,0.000000,0.137062,-0.000000,-0.000000,1.000000;;
          }

          Frame Bip01_L_Finger0 {
           

           FrameTransformMatrix {
            0.539809,-0.409565,0.735434,0.000000,0.788204,0.552646,-0.270773,0.000000,-0.295536,0.725837,0.621144,0.000000,0.057681,-0.023605,-0.000272,1.000000;;
           }

           Frame Bip01_L_Finger0Nub {
            

            FrameTransformMatrix {
             1.000000,0.000000,0.000000,0.000000,-0.000000,1.000000,-0.000000,0.000000,0.000000,-0.000000,1.000000,0.000000,0.029435,0.000000,0.000000,1.000000;;
            }
           }
          }

          Frame Bip01_L_Finger1 {
           

           FrameTransformMatrix {
            0.663034,-0.000596,0.748589,0.000000,0.000000,1.000000,0.000796,0.000000,-0.748589,-0.000528,0.663034,0.000000,0.084102,0.000000,0.000000,1.000000;;
           }

           Frame Bip01_L_Finger1Nub {
            

            FrameTransformMatrix {
             1.000000,0.000000,0.000000,0.000000,0.000000,1.000000,0.000000,0.000000,-0.000000,0.000000,1.000000,0.000000,0.047988,0.000000,0.000000,1.000000;;
            }
           }
          }
         }
        }
       }
      }

      Frame Bip01_R_Clavicle {
       

       FrameTransformMatrix {
        -0.094915,-0.992590,0.075872,0.000000,-0.775332,0.121513,0.619754,0.000000,-0.624381,-0.000002,-0.781120,0.000000,-0.021680,-0.015714,0.011376,1.000000;;
       }

       Frame Bip01_R_UpperArm {
        

        FrameTransformMatrix {
         0.670828,0.364569,-0.645817,0.000000,0.055878,0.843505,0.534207,0.000000,0.739505,-0.394448,0.545475,0.000000,0.087086,0.000000,0.000000,1.000000;;
        }

        Frame Bip01_R_Forearm {
         

         FrameTransformMatrix {
          -0.388519,-0.000000,-0.921441,0.000000,0.000000,1.000000,0.000000,0.000000,0.921441,0.000000,-0.388519,0.000000,0.137062,-0.000000,0.000000,1.000000;;
         }

         Frame Bip01_R_Hand {
          

          FrameTransformMatrix {
           0.660113,-0.133307,0.739243,0.000000,0.684133,0.513074,-0.518380,0.000000,-0.310183,0.847930,0.429886,0.000000,0.137062,0.000000,0.000000,1.000000;;
          }

          Frame Bip01_R_Finger0 {
           

           FrameTransformMatrix {
            0.479937,0.181690,0.858283,0.000000,-0.721001,0.639057,0.267890,0.000000,-0.499818,-0.747393,0.437705,0.000000,0.057681,0.023605,-0.000272,1.000000;;
           }

           Frame Bip01_R_Finger0Nub {
            

            FrameTransformMatrix {
             -1.000000,0.000000,-0.000000,0.000000,0.000000,1.000000,0.000000,0.000000,0.000000,0.000000,-1.000000,0.000000,0.029435,-0.000000,0.000000,1.000000;;
            }
           }
          }

          Frame Bip01_R_Finger1 {
           

           FrameTransformMatrix {
            -0.221747,0.000776,0.975103,0.000000,0.000000,1.000000,-0.000796,0.000000,-0.975104,-0.000177,-0.221747,0.000000,0.084102,0.000000,0.000000,1.000000;;
           }

           Frame Bip01_R_Finger1Nub {
            

            FrameTransformMatrix {
             -1.000000,0.000000,0.000000,0.000000,-0.000000,1.000000,0.000000,0.000000,0.000000,0.000000,-1.000000,0.000000,0.047988,0.000000,0.000000,1.000000;;
            }
           }
          }
         }
        }
       }
      }
     }

     Frame Bip01_BackPack {
      

      FrameTransformMatrix {
       0.190104,-0.000002,-0.981764,0.000000,0.000003,1.000000,-0.000002,0.000000,0.981764,-0.000002,0.190104,0.000000,0.063697,-0.000000,-0.088856,1.000000;;
      }

      Frame Bip01_BackPackNub {
       

       FrameTransformMatrix {
        0.000796,0.000003,1.000000,0.000000,-0.000000,-1.000000,0.000003,0.000000,1.000000,0.000000,-0.000796,0.000000,0.053240,0.000000,0.000000,1.000000;;
       }
      }
     }
    }

    Frame Bip01_L_Thigh {
     

     FrameTransformMatrix {
      -0.970624,0.108943,0.214525,0.000000,-0.086376,-0.989956,0.111923,0.000000,0.224564,0.090105,0.970285,0.000000,-0.048084,0.057638,-0.008953,1.000000;;
     }

     Frame Bip01_L_Calf {
      

      FrameTransformMatrix {
       0.958084,0.000000,-0.286488,0.000000,0.000000,1.000000,-0.000000,0.000000,0.286488,-0.000000,0.958084,0.000000,0.237500,0.000000,0.000000,1.000000;;
      }

      Frame Bip01_L_Foot {
       

       FrameTransformMatrix {
        0.989266,0.021915,0.144471,0.000000,-0.025193,0.999464,0.020901,0.000000,-0.143936,-0.024317,0.989288,0.000000,0.206841,-0.000000,0.000000,1.000000;;
       }

       Frame Bip01_L_Toe0 {
        

        FrameTransformMatrix {
         -0.000000,-0.000001,1.000000,0.000000,0.000000,1.000000,0.000001,0.000000,-1.000000,0.000000,-0.000000,0.000000,0.065373,-0.000000,0.066450,1.000000;;
        }

        Frame Bip01_L_Toe0Nub {
         

         FrameTransformMatrix {
          -1.000000,0.000000,-0.000000,0.000000,0.000000,1.000000,-0.000000,0.000000,0.000000,-0.000000,-1.000000,0.000000,0.006735,0.000000,0.000000,1.000000;;
         }
        }
       }
      }
     }
    }

    Frame Bip01_R_Thigh {
     

     FrameTransformMatrix {
      -0.975772,0.033638,0.216188,0.000000,-0.010888,-0.994352,0.105577,0.000000,0.218519,0.100666,0.970627,0.000000,-0.054842,-0.051962,0.002951,1.000000;;
     }

     Frame Bip01_R_Calf {
      

      FrameTransformMatrix {
       0.966962,0.000000,-0.254921,0.000000,0.000000,1.000000,-0.000000,0.000000,0.254921,0.000000,0.966962,0.000000,0.237500,0.000000,-0.000000,1.000000;;
      }

      Frame Bip01_R_Foot {
       

       FrameTransformMatrix {
        0.991490,-0.053955,0.118476,0.000000,0.050599,0.998233,0.031152,0.000000,-0.119948,-0.024892,0.992468,0.000000,0.206841,0.000000,0.000000,1.000000;;
       }

       Frame Bip01_R_Toe0 {
        

        FrameTransformMatrix {
         -0.000001,-0.000001,1.000000,0.000000,0.000001,1.000000,0.000001,0.000000,-1.000000,0.000001,-0.000001,0.000000,0.065373,-0.000000,0.066450,1.000000;;
        }

        Frame Bip01_R_Toe0Nub {
         

         FrameTransformMatrix {
          1.000000,0.000000,0.000000,0.000000,0.000000,1.000000,0.000000,0.000000,0.000000,0.000000,1.000000,0.000000,0.006735,-0.000000,0.000000,1.000000;;
         }
        }
       }
      }
     }
    }
   }

   Frame Bip01_DressFront {
    

    FrameTransformMatrix {
     -0.958119,-0.000002,0.286372,0.000000,-0.000002,1.000000,-0.000001,0.000000,-0.286372,-0.000002,-0.958119,0.000000,-0.043960,0.001399,0.061081,1.000000;;
    }

    Frame Bip01_DressFront02 {
     

     FrameTransformMatrix {
      0.976793,0.000001,0.214187,0.000000,-0.000001,1.000000,-0.000000,0.000000,-0.214187,-0.000000,0.976793,0.000000,0.183353,-0.000000,-0.000129,1.000000;;
     }

     Frame Bip01_DressFrontNub {
      

      FrameTransformMatrix {
       0.000796,0.000003,1.000000,0.000000,0.000000,-1.000000,0.000003,0.000000,1.000000,-0.000000,-0.000796,0.000000,0.165302,0.000000,0.000000,1.000000;;
      }
     }
    }
   }

   Frame Bip01_DressBack {
    

    FrameTransformMatrix {
     -0.957954,-0.000002,0.286923,0.000000,-0.000002,1.000000,-0.000001,0.000000,-0.286923,-0.000002,-0.957954,0.000000,-0.047692,0.000000,-0.078285,1.000000;;
    }

    Frame Bip01_DressBack02 {
     

     FrameTransformMatrix {
      0.990815,0.000000,0.135222,0.000000,-0.000000,1.000000,-0.000000,0.000000,-0.135222,-0.000000,0.990815,0.000000,0.176173,0.000000,-0.000108,1.000000;;
     }

     Frame Bip01_DressBackNub {
      

      FrameTransformMatrix {
       0.000796,0.000003,1.000000,0.000000,0.000000,-1.000000,0.000003,0.000000,1.000000,-0.000000,-0.000796,0.000000,0.136508,0.000000,-0.000000,1.000000;;
      }
     }
    }
   }
  }

  Frame Bip01_Prop1 {
   

   FrameTransformMatrix {
    0.780184,-0.606445,0.153420,0.000000,-0.425575,-0.334813,0.840706,0.000000,-0.458475,-0.721196,-0.519304,0.000000,0.178004,0.120398,-0.054709,1.000000;;
   }
  }

  Frame Bip01_Prop2 {
   

   FrameTransformMatrix {
    0.973015,-0.229653,-0.022416,0.000000,0.203888,0.810214,0.549530,0.000000,-0.108039,-0.539271,0.835173,0.000000,0.185872,0.084242,0.005644,1.000000;;
   }
  }
 }
}

Frame Translation_Data {
 

 FrameTransformMatrix {
  1.000000,0.000000,0.000000,0.000000,0.000000,-0.000000,-1.000000,0.000000,0.000000,1.000000,-0.000000,0.000000,0.000000,-0.000000,0.000000,1.000000;;
 }
}

Frame Body {
 

 FrameTransformMatrix {
  1.000000,0.000000,0.000000,0.000000,0.000000,1.000000,0.000000,0.000000,0.000000,0.000000,1.000000,0.000000,0.000000,0.000000,0.000000,1.000000;;
 }

 Mesh Body {
  617;
  0.079940;0.749646;-0.024931;,
  0.043300;0.783223;-0.012703;,
  0.045061;0.751210;-0.023520;,
  0.085832;0.729626;-0.025613;,
  0.094119;0.720489;-0.025971;,
  0.049029;0.717051;-0.035185;,
  0.060021;0.684253;-0.034869;,
  0.100511;0.688930;-0.009481;,
  0.050042;0.810721;0.019023;,
  0.091692;0.780204;0.014593;,
  0.101305;0.786156;0.042388;,
  0.070920;0.795198;0.050910;,
  0.090195;0.558858;0.079271;,
  0.049541;0.557621;0.105120;,
  0.051504;0.567877;0.096783;,
  0.084023;0.567219;0.072986;,
  0.076016;0.561637;0.017689;,
  0.089979;0.538232;0.041270;,
  0.046697;0.554068;-0.010903;,
  0.045747;0.500672;0.008160;,
  0.074662;0.511797;0.015745;,
  0.008220;0.721077;-0.033230;,
  0.005506;0.685706;-0.035383;,
  0.007523;0.553510;0.106587;,
  0.008667;0.566508;0.098963;,
  0.072496;0.662437;0.092406;,
  0.021564;0.667538;0.102751;,
  0.024203;0.708756;0.102139;,
  0.080133;0.706070;0.090507;,
  0.060906;0.468150;0.003020;,
  0.065433;0.372178;-0.013269;,
  0.104155;0.366089;0.013545;,
  0.096548;0.463707;0.038354;,
  0.064355;0.277009;-0.028186;,
  0.094489;0.272638;0.015024;,
  0.012696;0.467973;0.024087;,
  0.019726;0.452603;0.123820;,
  0.027173;0.358221;0.088008;,
  0.018516;0.368636;0.013256;,
  0.041978;0.272486;0.055317;,
  0.037729;0.272235;0.013302;,
  0.093039;0.442670;0.096616;,
  0.106469;0.358375;0.077814;,
  0.082689;0.274771;0.053944;,
  0.088920;-0.001440;0.054150;,
  0.044025;-0.001417;0.051082;,
  0.049355;-0.001524;0.099610;,
  0.084211;-0.001547;0.099343;,
  0.066253;0.218786;0.000006;,
  0.065092;0.145280;0.009302;,
  0.095177;0.145802;0.037146;,
  0.098531;0.219852;0.027793;,
  0.066321;0.066692;0.020697;,
  0.086770;0.067484;0.048937;,
  0.025583;0.203046;0.026513;,
  0.028678;0.222985;0.078470;,
  0.034932;0.157445;0.076408;,
  0.036309;0.145240;0.035381;,
  0.054508;0.079382;0.072268;,
  0.050120;0.059930;0.046017;,
  0.100615;0.229978;0.076141;,
  0.096966;0.155542;0.074397;,
  0.078635;0.084201;0.071326;,
  0.096218;0.510309;0.050113;,
  0.004420;0.491605;-0.001485;,
  0.004796;0.459306;0.017031;,
  0.012696;0.467973;0.024087;,
  0.099411;0.512405;0.104601;,
  0.050045;0.514516;0.129908;,
  0.093380;0.458673;0.103967;,
  0.048631;0.464553;0.127858;,
  0.063195;0.613649;0.089959;,
  0.101416;0.656779;0.071184;,
  0.110828;0.659150;0.052466;,
  0.097587;0.657579;0.000314;,
  0.078275;0.609499;0.011855;,
  0.091814;0.610206;0.061020;,
  0.058798;0.654360;-0.030230;,
  0.051786;0.604958;-0.014058;,
  0.004185;0.660459;-0.030025;,
  0.002504;0.603109;-0.012645;,
  0.112642;0.695626;-0.027173;,
  0.070431;0.708843;0.003473;,
  0.125585;0.647439;-0.018488;,
  0.075753;0.648664;0.014756;,
  0.096910;0.610162;0.034141;,
  0.136479;0.606817;0.006315;,
  0.103297;0.711639;0.054697;,
  0.111679;0.663109;0.068292;,
  0.075753;0.648664;0.014756;,
  0.115183;0.595085;0.067135;,
  0.096910;0.610162;0.034141;,
  0.114319;0.713901;0.056046;,
  0.148024;0.709311;0.026766;,
  0.161621;0.662189;0.034994;,
  0.154568;0.591480;0.039350;,
  0.134561;0.702513;-0.007982;,
  0.132243;0.621526;-0.008049;,
  0.084463;0.627458;0.023293;,
  0.055880;0.612682;-0.028153;,
  0.087747;0.609710;-0.046126;,
  0.035856;0.601377;-0.063812;,
  0.052177;0.595499;-0.077884;,
  0.084463;0.627458;0.023293;,
  0.090178;0.568374;0.044169;,
  0.066795;0.557937;-0.015591;,
  0.055880;0.612682;-0.028153;,
  0.034755;0.564988;-0.055871;,
  0.035856;0.601377;-0.063812;,
  0.137693;0.562656;0.012984;,
  0.091380;0.556066;-0.029234;,
  0.052320;0.559648;-0.067935;,
  0.019433;0.585723;-0.190822;,
  0.019327;0.595638;-0.171186;,
  -0.001950;0.562780;-0.143145;,
  -0.001526;0.553389;-0.162709;,
  0.036919;0.611927;-0.147375;,
  0.033826;0.604600;-0.155285;,
  0.043890;0.601414;-0.158391;,
  0.047778;0.613834;-0.151189;,
  0.006162;0.573049;-0.091913;,
  0.009097;0.555053;-0.124523;,
  0.048695;0.589217;-0.131596;,
  0.037277;0.609324;-0.105630;,
  0.034374;0.548278;-0.087224;,
  0.022067;0.541093;-0.130438;,
  0.067762;0.585806;-0.100601;,
  0.060438;0.573898;-0.136486;,
  0.120814;0.764578;0.015896;,
  0.122084;0.758898;-0.013444;,
  0.091692;0.780204;0.014593;,
  0.085981;0.771442;-0.007983;,
  0.114465;0.704455;0.068495;,
  0.055883;0.797840;-0.005906;,
  0.109166;0.739939;-0.029639;,
  0.079940;0.749646;-0.024931;,
  0.085832;0.729626;-0.025613;,
  0.099139;0.716692;-0.021000;,
  0.119045;0.747548;0.053853;,
  0.081798;0.745796;0.076943;,
  0.121188;0.750377;0.049063;,
  0.024828;0.745203;0.088449;,
  0.023596;0.792993;0.052098;,
  0.101305;0.786156;0.042388;,
  0.121188;0.750377;0.049063;,
  0.096244;0.717162;0.004363;,
  0.118069;0.737735;0.042152;,
  0.070431;0.708843;0.003473;,
  0.112199;0.696186;0.037504;,
  0.100638;0.688072;0.005292;,
  0.094119;0.720489;-0.025971;,
  0.119727;0.701084;0.051848;,
  0.037277;0.609324;-0.105630;,
  0.043608;0.835736;-0.009417;,
  0.050907;0.819795;-0.024638;,
  0.022088;0.815706;0.026367;,
  0.018426;0.844274;-0.002855;,
  0.060438;0.573898;-0.136486;,
  0.019433;0.585723;-0.190822;,
  -0.001526;0.553389;-0.162709;,
  0.037163;0.609994;-0.127515;,
  0.060701;0.606706;-0.137818;,
  0.037163;0.609994;-0.127515;,
  0.035843;0.596167;-0.138644;,
  0.057550;0.585053;-0.141965;,
  0.057550;0.585053;-0.141965;,
  0.036919;0.611927;-0.147375;,
  0.047778;0.613834;-0.151189;,
  0.043890;0.601414;-0.158391;,
  0.095162;0.020226;-0.022685;,
  0.063586;0.017192;-0.060194;,
  0.064907;-0.001387;-0.067431;,
  0.100721;-0.001399;-0.029921;,
  0.045608;0.031886;0.088979;,
  0.049355;-0.001524;0.099610;,
  0.044025;-0.001417;0.051082;,
  0.042654;0.023540;0.048550;,
  0.054508;0.079382;0.072268;,
  0.078635;0.084201;0.071326;,
  0.087148;0.034908;0.088448;,
  0.088920;-0.001440;0.054150;,
  0.084211;-0.001547;0.099343;,
  0.090071;0.033506;0.051678;,
  0.066321;0.066692;0.020697;,
  0.086770;0.067484;0.048937;,
  0.029967;-0.001376;-0.056977;,
  0.036094;0.014158;-0.049741;,
  0.100721;-0.001399;-0.029921;,
  0.029967;-0.001376;-0.056977;,
  0.018516;0.368636;0.013256;,
  0.037729;0.272235;0.013302;,
  0.025583;0.203046;0.026513;,
  0.036309;0.145240;0.035381;,
  0.050120;0.059930;0.046017;,
  0.050120;0.059930;0.046017;,
  0.006152;0.453703;0.068708;,
  0.061149;0.811846;-0.039966;,
  0.052095;0.798086;-0.053722;,
  0.042979;0.793980;-0.048616;,
  0.041535;0.806182;-0.034936;,
  0.054522;0.841282;-0.031741;,
  0.047313;0.861468;-0.020647;,
  0.039179;0.919027;-0.129158;,
  0.019668;0.923554;-0.131848;,
  0.018762;0.897792;-0.146902;,
  0.050318;0.837025;-0.128999;,
  0.047752;0.864987;-0.138711;,
  0.033216;0.832959;-0.133870;,
  0.067468;0.836357;-0.052859;,
  0.058590;0.812436;-0.068157;,
  0.060122;0.826245;-0.039269;,
  0.070079;0.874820;-0.058988;,
  0.070485;0.869984;-0.083040;,
  0.070895;0.896521;-0.109123;,
  0.061676;0.879577;-0.129323;,
  0.065626;0.851172;-0.102144;,
  0.057711;0.906256;-0.036285;,
  0.067895;0.887384;-0.048045;,
  0.018858;0.914988;-0.027922;,
  0.020215;0.946094;-0.066136;,
  0.052796;0.937339;-0.073191;,
  0.065357;0.833308;-0.088133;,
  0.050338;0.816176;-0.104203;,
  0.048666;0.796936;-0.073876;,
  0.033100;0.770689;-0.069215;,
  0.013325;0.763152;-0.074928;,
  0.013639;0.773712;-0.056616;,
  0.044074;0.886011;-0.142809;,
  0.058508;0.910143;-0.122767;,
  0.067497;0.923635;-0.086941;,
  0.054396;0.933173;-0.104240;,
  0.020372;0.945833;-0.101814;,
  0.037475;0.942007;-0.102327;,
  0.017356;0.876934;-0.015123;,
  0.067497;0.923635;-0.086941;,
  0.054396;0.933173;-0.104240;,
  0.073800;0.837950;-0.054912;,
  0.085618;0.870168;-0.055995;,
  0.081051;0.881070;-0.073709;,
  0.073225;0.863247;-0.067077;,
  0.085618;0.870168;-0.055995;,
  0.073800;0.837950;-0.054912;,
  0.081051;0.881070;-0.073709;,
  0.070485;0.869984;-0.083040;,
  0.070055;0.846334;-0.074445;,
  0.067468;0.836357;-0.052859;,
  0.050796;0.834296;-0.117120;,
  0.070055;0.846334;-0.074445;,
  0.055883;0.797840;-0.005906;,
  0.050907;0.819795;-0.024638;,
  0.085981;0.771442;-0.007983;,
  0.054522;0.841282;-0.031741;,
  0.012552;0.770850;-0.025434;,
  0.010745;0.747388;-0.027198;,
  0.003161;0.552199;-0.012218;,
  0.008027;0.512027;0.131153;,
  0.007945;0.477762;0.132743;,
  0.004747;0.448004;0.119349;,
  0.012478;0.782724;-0.041741;,
  0.006152;0.453703;0.068708;,
  0.037475;0.942007;-0.102327;,
  0.020372;0.945833;-0.101814;,
  0.034682;0.793391;-0.091707;,
  0.027792;0.808264;-0.110497;,
  0.027654;0.800226;-0.105151;,
  0.018224;0.883005;-0.151489;,
  0.017254;0.857647;-0.149647;,
  0.030999;0.831048;-0.121185;,
  0.016388;0.616268;0.097632;,
  0.085981;0.771442;-0.007983;,
  0.064907;-0.001387;-0.067431;,
  0.033870;0.788164;-0.087738;,
  0.026016;0.782799;-0.092303;,
  0.026058;0.788806;-0.092104;,
  0.014887;0.798668;-0.121321;,
  0.014767;0.797043;-0.108749;,
  0.025852;0.789281;-0.098302;,
  0.014395;0.789198;-0.092755;,
  0.014063;0.780330;-0.093661;,
  0.016114;0.828894;-0.138741;,
  0.015867;0.823423;-0.130171;,
  0.118069;0.737735;0.042152;,
  0.014377;0.787644;-0.101465;,
  0.095179;0.724253;0.020945;,
  0.096244;0.717162;0.004363;,
  0.094119;0.720489;-0.025971;,
  0.067895;0.887384;-0.048045;,
  0.066253;0.218786;0.000006;,
  0.025405;0.221571;-0.017191;,
  0.035915;0.144965;-0.007556;,
  0.065092;0.145280;0.009302;,
  0.064355;0.277009;-0.028186;,
  0.027136;0.278265;-0.029036;,
  0.065433;0.372178;-0.013269;,
  0.015450;0.370459;-0.013128;,
  0.060906;0.468151;0.003020;,
  0.012460;0.458872;-0.004246;,
  0.045747;0.500672;0.008160;,
  0.036713;0.072360;-0.003462;,
  0.066321;0.066692;0.020697;,
  0.040560;0.152040;0.103121;,
  0.043749;0.082111;0.108796;,
  0.007657;0.084987;0.121321;,
  0.007594;0.158404;0.118288;,
  0.007876;0.225325;0.106433;,
  0.033410;0.222436;0.092309;,
  0.009571;0.287922;0.107941;,
  0.035537;0.270375;0.085659;,
  0.026413;0.356812;0.102887;,
  0.006102;0.373086;0.118543;,
  0.007857;0.450051;0.133149;,
  0.095179;0.724253;0.020945;,
  -0.055410;0.766583;-0.010127;,
  -0.066413;0.746828;-0.008531;,
  -0.020848;0.755676;-0.015414;,
  -0.012291;0.786990;-0.005866;,
  -0.072754;0.731323;-0.004136;,
  -0.078967;0.701331;0.012889;,
  -0.046911;0.691642;-0.021541;,
  -0.032017;0.722543;-0.025217;,
  -0.007464;0.814618;0.026096;,
  -0.021892;0.801487;0.062325;,
  -0.054558;0.798823;0.060950;,
  -0.048756;0.798162;0.031098;,
  -0.076445;0.559462;0.083705;,
  -0.068732;0.569898;0.080202;,
  -0.034111;0.569379;0.100827;,
  -0.034482;0.557925;0.107359;,
  -0.066174;0.564131;0.024405;,
  -0.078403;0.538842;0.045750;,
  -0.039965;0.555588;-0.006810;,
  -0.064609;0.512319;0.019440;,
  -0.036269;0.500969;0.010346;,
  0.008667;0.566508;0.098963;,
  0.007523;0.553510;0.106587;,
  -0.030539;0.669731;0.105464;,
  -0.032703;0.713867;0.104571;,
  0.024203;0.708756;0.102139;,
  0.021564;0.667538;0.102751;,
  -0.052444;0.468318;0.006221;,
  -0.086428;0.465014;0.043342;,
  -0.098559;0.367746;0.019700;,
  -0.061040;0.372425;-0.009038;,
  -0.091815;0.274018;0.021435;,
  -0.063703;0.277801;-0.023238;,
  -0.003488;0.466684;0.024949;,
  -0.013002;0.367531;0.015164;,
  -0.018269;0.357841;0.090329;,
  -0.004475;0.452691;0.124465;,
  -0.035250;0.271822;0.016923;,
  -0.037431;0.271853;0.059161;,
  -0.097928;0.360491;0.084060;,
  -0.080485;0.444030;0.101476;,
  -0.078065;0.275447;0.059801;,
  -0.091698;-0.001439;0.054148;,
  -0.086989;-0.001547;0.099342;,
  -0.052133;-0.001524;0.099608;,
  -0.046803;-0.001416;0.051080;,
  -0.066106;0.219689;0.003740;,
  -0.096966;0.221023;0.033082;,
  -0.095591;0.146680;0.040386;,
  -0.066905;0.145960;0.011107;,
  -0.089330;0.067730;0.049484;,
  -0.069794;0.067005;0.020602;,
  -0.024751;0.201974;0.027830;,
  -0.036925;0.144316;0.035746;,
  -0.033189;0.155368;0.076953;,
  -0.024706;0.220599;0.080364;,
  -0.052898;0.059931;0.046015;,
  -0.056079;0.078546;0.071990;,
  -0.095278;0.155469;0.077916;,
  -0.096404;0.229910;0.081714;,
  -0.080128;0.083886;0.071896;,
  -0.084364;0.510963;0.054924;,
  -0.003488;0.466684;0.024949;,
  -0.033978;0.514821;0.132146;,
  -0.084636;0.513071;0.109505;,
  -0.033567;0.464870;0.130189;,
  -0.079709;0.459740;0.108695;,
  -0.030863;0.619772;0.101056;,
  -0.064307;0.668511;0.092187;,
  -0.077630;0.672491;0.076351;,
  -0.065617;0.620455;0.079594;,
  -0.064065;0.618765;0.028648;,
  -0.078056;0.670013;0.022575;,
  -0.045113;0.611267;-0.002626;,
  -0.048873;0.661983;-0.016584;,
  -0.084550;0.748331;-0.020533;,
  -0.123057;0.727506;-0.045998;,
  -0.071948;0.717438;0.021686;,
  -0.168980;0.707468;-0.052750;,
  -0.161800;0.673532;-0.018911;,
  -0.114020;0.682978;-0.006941;,
  -0.121117;0.733954;0.053646;,
  -0.114020;0.682978;-0.006941;,
  -0.160191;0.708396;0.032904;,
  -0.161800;0.673532;-0.018911;,
  -0.196075;0.668442;-0.011469;,
  -0.127137;0.743542;0.053126;,
  -0.169096;0.753204;-0.006042;,
  -0.131058;0.772789;0.019309;,
  -0.203272;0.702047;-0.045412;,
  -0.105434;0.765446;-0.007605;,
  -0.150051;0.721917;-0.047943;,
  -0.097752;0.697865;-0.063934;,
  -0.088423;0.672557;-0.039037;,
  -0.138690;0.683431;-0.006833;,
  -0.054834;0.675640;-0.080447;,
  -0.054109;0.655809;-0.061458;,
  -0.138690;0.683431;-0.006833;,
  -0.088423;0.672557;-0.039037;,
  -0.120232;0.638962;-0.072705;,
  -0.174188;0.640890;-0.036097;,
  -0.054109;0.655809;-0.061458;,
  -0.078996;0.643561;-0.084359;,
  -0.127461;0.658690;-0.091483;,
  -0.185352;0.679304;-0.076862;,
  -0.074454;0.650819;-0.099547;,
  -0.033362;0.575139;-0.115649;,
  -0.068230;0.599694;-0.137010;,
  -0.065381;0.620094;-0.130161;,
  -0.029995;0.595663;-0.108488;,
  -0.020903;0.591598;-0.104242;,
  -0.009412;0.591951;-0.106229;,
  -0.015125;0.591954;-0.119959;,
  -0.024100;0.588584;-0.114560;,
  -0.079661;0.626172;-0.100439;,
  -0.034267;0.620318;-0.081015;,
  -0.020955;0.620045;-0.113133;,
  -0.068954;0.615424;-0.134581;,
  -0.061570;0.626086;-0.149743;,
  -0.069767;0.657993;-0.118354;,
  -0.022258;0.653203;-0.097812;,
  -0.015564;0.631213;-0.128713;,
  -0.079132;0.797184;0.035929;,
  -0.087566;0.793317;0.007539;,
  -0.050927;0.790012;0.006655;,
  -0.048756;0.798162;0.031098;,
  -0.071253;0.717288;0.091643;,
  -0.020805;0.803037;0.003526;,
  -0.083481;0.771916;-0.009527;,
  -0.078922;0.744783;0.001397;,
  -0.066413;0.746828;-0.008531;,
  -0.055410;0.766583;-0.010127;,
  -0.078770;0.761000;0.076584;,
  -0.081898;0.764704;0.071995;,
  -0.032642;0.753550;0.091018;,
  0.024828;0.745203;0.088449;,
  0.023596;0.792993;0.052098;,
  -0.054558;0.798823;0.060950;,
  -0.081898;0.764704;0.071995;,
  -0.070974;0.730329;0.025072;,
  -0.071948;0.717438;0.021686;,
  -0.082952;0.753494;0.065008;,
  -0.075606;0.700250;0.027259;,
  -0.077755;0.709312;0.061180;,
  -0.072754;0.731323;-0.004136;,
  -0.080821;0.714941;0.076844;,
  -0.034267;0.620318;-0.081015;,
  -0.019099;0.823593;-0.020070;,
  -0.008183;0.838546;-0.006037;,
  0.018426;0.844274;-0.002855;,
  0.022088;0.815706;0.026367;,
  -0.015564;0.631213;-0.128713;,
  -0.033362;0.575139;-0.115649;,
  -0.068230;0.599694;-0.137010;,
  -0.003121;0.610777;-0.104620;,
  -0.026179;0.607431;-0.093302;,
  -0.026179;0.607431;-0.093302;,
  -0.029024;0.606306;-0.110836;,
  -0.011837;0.618407;-0.123640;,
  -0.011837;0.618407;-0.123640;,
  -0.009412;0.591951;-0.106229;,
  -0.020903;0.591598;-0.104242;,
  -0.015125;0.591954;-0.119959;,
  -0.097940;0.020226;-0.022687;,
  -0.103499;-0.001398;-0.029923;,
  -0.067685;-0.001387;-0.067433;,
  -0.066364;0.017192;-0.060196;,
  -0.048386;0.031886;0.088977;,
  -0.045432;0.023540;0.048548;,
  -0.046803;-0.001416;0.051080;,
  -0.052133;-0.001524;0.099608;,
  -0.056079;0.078546;0.071990;,
  -0.089926;0.034909;0.088446;,
  -0.080128;0.083886;0.071896;,
  -0.091698;-0.001439;0.054148;,
  -0.092849;0.033506;0.051676;,
  -0.086989;-0.001547;0.099342;,
  -0.069794;0.067005;0.020602;,
  -0.089330;0.067730;0.049484;,
  -0.038872;0.014159;-0.049743;,
  -0.032745;-0.001375;-0.056979;,
  -0.032745;-0.001375;-0.056979;,
  -0.103499;-0.001398;-0.029923;,
  -0.013002;0.367531;0.015164;,
  -0.035250;0.271822;0.016923;,
  -0.024751;0.201974;0.027830;,
  -0.036925;0.144316;0.035746;,
  -0.052898;0.059931;0.046015;,
  -0.052898;0.059931;0.046015;,
  -0.031003;0.815337;-0.040397;,
  -0.012693;0.809124;-0.031397;,
  -0.014156;0.796145;-0.048883;,
  -0.022888;0.800927;-0.054073;,
  -0.022244;0.844190;-0.032100;,
  -0.013632;0.863777;-0.020932;,
  -0.000154;0.920517;-0.129342;,
  0.019668;0.923554;-0.131848;,
  -0.017466;0.839593;-0.129316;,
  -0.000676;0.834243;-0.134029;,
  -0.012702;0.867277;-0.138993;,
  -0.028143;0.815723;-0.068563;,
  -0.035329;0.840252;-0.053340;,
  -0.028896;0.829617;-0.039685;,
  -0.034964;0.878800;-0.059479;,
  -0.035510;0.874000;-0.083535;,
  -0.031910;0.854867;-0.102600;,
  -0.025569;0.882883;-0.129731;,
  -0.033668;0.900483;-0.109612;,
  -0.031938;0.891166;-0.048511;,
  -0.020465;0.909218;-0.036651;,
  0.018858;0.914988;-0.027922;,
  -0.012868;0.939827;-0.073498;,
  0.020215;0.946094;-0.066136;,
  -0.033125;0.837039;-0.088594;,
  -0.019367;0.799514;-0.074194;,
  -0.019295;0.818814;-0.104529;,
  -0.005876;0.772166;-0.069398;,
  -0.007405;0.887961;-0.143050;,
  -0.020158;0.913123;-0.123135;,
  -0.014488;0.935783;-0.104562;,
  -0.028435;0.927270;-0.087390;,
  0.003033;0.943312;-0.102488;,
  0.020372;0.945833;-0.101814;,
  0.017356;0.876934;-0.015123;,
  -0.028435;0.927270;-0.087390;,
  -0.014488;0.935783;-0.104562;,
  -0.041502;0.842318;-0.055451;,
  -0.038901;0.867495;-0.067601;,
  -0.045293;0.885857;-0.074300;,
  -0.050838;0.875338;-0.056633;,
  -0.041502;0.842318;-0.055451;,
  -0.050838;0.875338;-0.056633;,
  -0.045293;0.885857;-0.074300;,
  -0.035510;0.874000;-0.083535;,
  -0.036951;0.850388;-0.074945;,
  -0.035329;0.840252;-0.053340;,
  -0.018261;0.836913;-0.117443;,
  -0.036951;0.850388;-0.074945;,
  -0.019099;0.823593;-0.020070;,
  -0.020805;0.803037;0.003526;,
  -0.050927;0.790012;0.006655;,
  -0.022244;0.844190;-0.032100;,
  0.008027;0.512027;0.131153;,
  0.007945;0.477762;0.132743;,
  0.004747;0.448004;0.119349;,
  0.006152;0.453703;0.068708;,
  0.003033;0.943312;-0.102488;,
  0.020372;0.945833;-0.101814;,
  -0.005526;0.794914;-0.091895;,
  0.002125;0.801193;-0.105271;,
  0.002645;0.809217;-0.110615;,
  0.001271;0.832175;-0.121324;,
  0.016388;0.616268;0.097632;,
  -0.050927;0.790012;0.006655;,
  -0.067685;-0.001387;-0.067433;,
  0.002319;0.783697;-0.092414;,
  -0.005149;0.789643;-0.087921;,
  0.002730;0.789690;-0.092213;,
  0.003029;0.790146;-0.098408;,
  -0.082952;0.753494;0.065008;,
  -0.065812;0.735362;0.041525;,
  -0.070974;0.730329;0.025072;,
  -0.072754;0.731323;-0.004136;,
  -0.031938;0.891166;-0.048511;,
  -0.022215;0.221667;-0.015709;,
  -0.031259;0.145206;-0.007307;,
  0.000268;0.145588;-0.011600;,
  0.001025;0.223272;-0.016000;,
  -0.025671;0.277592;-0.026427;,
  0.002769;0.277677;-0.026001;,
  -0.011859;0.369406;-0.011556;,
  0.003586;0.365727;-0.011977;,
  -0.005278;0.458085;-0.003314;,
  0.004252;0.451288;-0.003364;,
  0.004420;0.491605;-0.001485;,
  -0.036269;0.500969;0.010346;,
  -0.033958;0.072783;-0.004056;,
  -0.000479;0.079168;-0.011742;,
  -0.031153;0.075743;0.108029;,
  -0.080114;0.083887;0.071897;,
  -0.095278;0.155469;0.077916;,
  -0.031790;0.150866;0.102191;,
  -0.096404;0.229910;0.081714;,
  -0.032531;0.217498;0.095524;,
  -0.029573;0.270271;0.093077;,
  -0.078065;0.275447;0.059801;,
  -0.097928;0.360491;0.084060;,
  -0.016635;0.355363;0.107581;,
  0.007945;0.477762;0.132743;,
  -0.033567;0.464870;0.130189;,
  -0.065812;0.735362;0.041525;,
  -0.052444;0.468318;0.006221;,
  -0.061040;0.372425;-0.009038;,
  -0.063703;0.277801;-0.023238;,
  -0.066106;0.219689;0.003740;,
  -0.066905;0.145960;0.011107;,
  -0.069794;0.067005;0.020602;,
  0.106469;0.358375;0.077814;,
  0.048631;0.464553;0.127858;,
  0.093039;0.442670;0.096616;,
  0.082689;0.274771;0.053944;,
  0.100615;0.229978;0.076141;,
  0.096966;0.155542;0.074397;,
  0.078635;0.084201;0.071326;,
  -0.080485;0.444030;0.101476;;
  916;
  3;0,2,1;,
  3;2,0,3;,
  3;4,6,5;,
  3;6,4,7;,
  3;8,10,9;,
  3;10,8,11;,
  3;12,14,13;,
  3;14,12,15;,
  3;16,12,17;,
  3;12,16,15;,
  3;18,20,19;,
  3;20,18,16;,
  3;5,22,21;,
  3;22,5,6;,
  3;13,24,23;,
  3;24,13,14;,
  3;25,27,26;,
  3;27,25,28;,
  3;29,31,30;,
  3;31,29,32;,
  3;31,33,30;,
  3;33,31,34;,
  3;35,37,36;,
  3;37,35,38;,
  3;38,39,37;,
  3;39,38,40;,
  3;36,42,41;,
  3;42,36,37;,
  3;37,43,42;,
  3;43,37,39;,
  3;41,31,32;,
  3;31,41,42;,
  3;42,34,31;,
  3;34,42,43;,
  3;44,46,45;,
  3;46,44,47;,
  3;48,50,49;,
  3;50,48,51;,
  3;49,53,52;,
  3;53,49,50;,
  3;54,56,55;,
  3;56,54,57;,
  3;57,58,56;,
  3;58,57,59;,
  3;55,61,60;,
  3;61,55,56;,
  3;56,62,61;,
  3;62,56,58;,
  3;60,50,51;,
  3;50,60,61;,
  3;61,53,50;,
  3;53,61,62;,
  3;32,20,63;,
  3;20,32,29;,
  3;64,66,65;,
  3;66,64,19;,
  3;13,67,12;,
  3;67,13,68;,
  3;68,69,67;,
  3;69,68,70;,
  3;70,41,69;,
  3;41,70,36;,
  3;48,34,51;,
  3;34,48,33;,
  3;51,43,60;,
  3;43,51,34;,
  3;43,55,60;,
  3;55,43,39;,
  3;39,54,55;,
  3;54,39,40;,
  3;12,63,17;,
  3;63,12,67;,
  3;67,32,63;,
  3;32,67,69;,
  3;69,41,32;,
  3;71,72,25;,
  3;73,75,74;,
  3;75,73,76;,
  3;75,77,74;,
  3;77,75,78;,
  3;79,78,80;,
  3;78,79,77;,
  3;81,83,82;,
  3;83,85,84;,
  3;85,83,86;,
  3;87,89,88;,
  3;89,90,88;,
  3;90,89,91;,
  3;92,94,93;,
  3;92,88,94;,
  3;92,87,88;,
  3;88,95,94;,
  3;95,88,90;,
  3;96,94,83;,
  3;94,86,83;,
  3;86,94,95;,
  3;97,99,98;,
  3;99,97,100;,
  3;100,101,99;,
  3;101,100,102;,
  3;103,105,104;,
  3;105,103,106;,
  3;106,107,105;,
  3;107,106,108;,
  3;104,110,109;,
  3;110,104,105;,
  3;105,111,110;,
  3;111,105,107;,
  3;109,100,97;,
  3;100,109,110;,
  3;110,102,100;,
  3;102,110,111;,
  3;112,114,113;,
  3;114,112,115;,
  3;116,118,117;,
  3;118,116,119;,
  3;120,122,121;,
  3;122,120,123;,
  3;120,125,124;,
  3;125,120,121;,
  3;126,125,127;,
  3;125,126,124;,
  3;95,97,86;,
  3;97,95,109;,
  3;86,98,85;,
  3;98,86,97;,
  3;90,103,104;,
  3;103,90,91;,
  3;104,95,90;,
  3;95,104,109;,
  3;128,96,129;,
  3;96,128,93;,
  3;129,130,128;,
  3;130,129,131;,
  3;72,28,25;,
  3;28,72,132;,
  3;9,133,8;,
  3;134,136,135;,
  3;136,134,137;,
  3;81,137,134;,
  3;138,11,139;,
  3;138,10,11;,
  3;138,140,10;,
  3;141,11,142;,
  3;11,141,139;,
  3;128,130,143;,
  3;93,144,92;,
  3;93,143,144;,
  3;93,128,143;,
  3;145,87,146;,
  3;87,145,147;,
  3;74,148,73;,
  3;148,74,149;,
  3;150,147,145;,
  3;7,149,74;,
  3;148,151,73;,
  3;102,152,101;,
  3;152,102,126;,
  3;102,124,126;,
  3;124,102,111;,
  3;111,120,124;,
  3;120,111,107;,
  3;120,108,123;,
  3;108,120,107;,
  3;8,154,153;,
  3;154,8,133;,
  3;153,155,8;,
  3;155,153,156;,
  3;121,113,114;,
  3;113,121,122;,
  3;122,112,113;,
  3;112,122,157;,
  3;158,125,159;,
  3;125,158,127;,
  3;159,121,114;,
  3;121,159,125;,
  3;126,160,152;,
  3;160,126,161;,
  3;162,122,123;,
  3;122,162,163;,
  3;122,164,157;,
  3;164,122,163;,
  3;165,126,127;,
  3;126,165,161;,
  3;161,166,160;,
  3;166,161,167;,
  3;162,117,163;,
  3;117,162,116;,
  3;163,118,164;,
  3;118,163,117;,
  3;165,167,161;,
  3;167,165,168;,
  3;169,171,170;,
  3;171,169,172;,
  3;173,175,174;,
  3;175,173,176;,
  3;177,179,178;,
  3;179,177,173;,
  3;180,179,181;,
  3;179,180,182;,
  3;183,169,170;,
  3;169,183,184;,
  3;175,186,185;,
  3;186,175,176;,
  3;45,187,44;,
  3;187,45,188;,
  3;180,169,182;,
  3;169,180,172;,
  3;19,29,66;,
  3;20,29,19;,
  3;29,30,189;,
  3;30,190,189;,
  3;190,30,33;,
  3;33,191,190;,
  3;191,33,48;,
  3;191,49,192;,
  3;49,191,48;,
  3;192,52,193;,
  3;52,192,49;,
  3;194,170,186;,
  3;170,194,183;,
  3;170,185,186;,
  3;185,170,171;,
  3;186,176,194;,
  3;194,173,177;,
  3;173,194,176;,
  3;179,174,181;,
  3;174,179,173;,
  3;178,182,184;,
  3;182,178,179;,
  3;182,169,184;,
  3;16,17,20;,
  3;17,63,20;,
  3;66,195,65;,
  3;196,198,197;,
  3;198,196,199;,
  3;200,153,154;,
  3;153,200,201;,
  3;202,204,203;,
  3;205,207,206;,
  3;196,209,208;,
  3;209,196,197;,
  3;210,208,211;,
  3;208,210,196;,
  3;212,214,213;,
  3;214,212,215;,
  3;212,213,211;,
  3;201,217,216;,
  3;217,201,200;,
  3;218,220,219;,
  3;220,218,216;,
  3;210,199,196;,
  3;214,205,206;,
  3;221,223,222;,
  3;197,198,224;,
  3;224,226,225;,
  3;226,224,198;,
  3;227,214,206;,
  3;228,229,213;,
  3;229,228,230;,
  3;219,232,231;,
  3;214,228,213;,
  3;156,201,233;,
  3;201,156,153;,
  3;233,216,218;,
  3;216,233,201;,
  3;220,216,234;,
  3;235,220,234;,
  3;236,238,237;,
  3;238,236,239;,
  3;208,240,211;,
  3;240,208,241;,
  3;211,242,212;,
  3;242,211,240;,
  3;243,239,244;,
  3;239,243,238;,
  3;244,236,245;,
  3;236,244,239;,
  3;246,221,222;,
  3;221,246,215;,
  3;221,212,247;,
  3;212,221,215;,
  3;199,248,1;,
  3;248,199,249;,
  3;133,9,250;,
  3;249,210,251;,
  3;210,249,199;,
  3;210,211,251;,
  3;252,2,253;,
  3;2,252,1;,
  3;19,254,18;,
  3;254,19,64;,
  3;23,68,13;,
  3;68,23,255;,
  3;68,256,70;,
  3;256,68,255;,
  3;256,36,70;,
  3;36,256,257;,
  3;258,1,252;,
  3;1,258,199;,
  3;257,259,36;,
  3;36,259,35;,
  3;260,203,261;,
  3;203,260,202;,
  3;262,263,222;,
  3;263,262,264;,
  3;198,258,226;,
  3;258,198,199;,
  3;265,204,227;,
  3;265,206,266;,
  3;206,265,227;,
  3;222,267,246;,
  3;267,222,263;,
  3;89,87,147;,
  3;82,83,84;,
  3;78,16,18;,
  3;16,78,75;,
  3;75,15,16;,
  3;15,75,76;,
  3;15,71,14;,
  3;71,15,76;,
  3;14,268,24;,
  3;268,14,71;,
  3;248,269,1;,
  3;1,269,0;,
  3;135,129,134;,
  3;129,135,131;,
  3;134,96,81;,
  3;96,134,129;,
  3;96,83,81;,
  3;94,96,93;,
  3;29,189,66;,
  3;205,215,246;,
  3;267,205,246;,
  3;205,267,207;,
  3;205,214,215;,
  3;187,188,270;,
  3;224,272,271;,
  3;223,221,209;,
  3;224,223,197;,
  3;271,273,262;,
  3;273,271,272;,
  3;263,275,274;,
  3;273,276,262;,
  3;277,272,278;,
  3;272,277,273;,
  3;223,271,262;,
  3;271,223,224;,
  3;223,209,197;,
  3;208,221,247;,
  3;221,208,209;,
  3;222,223,262;,
  3;266,207,279;,
  3;207,266,206;,
  3;207,280,279;,
  3;280,207,267;,
  3;280,263,274;,
  3;263,280,267;,
  3;264,262,276;,
  3;76,73,72;,
  3;138,281,140;,
  3;73,132,72;,
  3;132,73,151;,
  3;72,71,76;,
  3;272,225,278;,
  3;155,11,8;,
  3;276,277,282;,
  3;277,276,273;,
  3;275,276,282;,
  3;276,275,264;,
  3;28,141,27;,
  3;141,28,139;,
  3;139,132,138;,
  3;132,139,28;,
  3;132,281,138;,
  3;281,132,151;,
  3;281,148,283;,
  3;148,281,151;,
  3;283,149,284;,
  3;149,283,148;,
  3;7,284,149;,
  3;284,7,4;,
  3;6,79,22;,
  3;79,6,77;,
  3;77,7,74;,
  3;7,77,6;,
  3;5,3,4;,
  3;3,5,2;,
  3;285,137,82;,
  3;137,285,136;,
  3;137,81,82;,
  3;92,146,87;,
  3;146,92,144;,
  3;2,21,253;,
  3;21,2,5;,
  3;286,213,229;,
  3;251,211,286;,
  3;213,286,211;,
  3;234,216,217;,
  3;227,202,228;,
  3;202,230,228;,
  3;230,202,260;,
  3;232,220,235;,
  3;228,214,227;,
  3;26,71,25;,
  3;71,26,268;,
  3;155,142,11;,
  3;18,80,78;,
  3;80,18,254;,
  3;272,224,225;,
  3;275,263,264;,
  3;202,227,204;,
  3;232,219,220;,
  3;287,289,288;,
  3;289,287,290;,
  3;291,288,292;,
  3;288,291,287;,
  3;293,292,294;,
  3;292,293,291;,
  3;295,294,296;,
  3;294,295,293;,
  3;296,297,295;,
  3;298,290,299;,
  3;290,298,289;,
  3;300,302,301;,
  3;302,300,303;,
  3;304,300,305;,
  3;300,304,303;,
  3;306,305,307;,
  3;305,306,304;,
  3;308,306,307;,
  3;306,308,309;,
  3;308,310,309;,
  3;145,146,311;,
  3;312,314,313;,
  3;314,312,315;,
  3;316,318,317;,
  3;318,316,319;,
  3;320,322,321;,
  3;322,320,323;,
  3;324,326,325;,
  3;326,324,327;,
  3;328,324,325;,
  3;324,328,329;,
  3;330,331,328;,
  3;331,330,332;,
  3;319,22,318;,
  3;22,319,21;,
  3;327,333,326;,
  3;333,327,334;,
  3;335,337,336;,
  3;337,335,338;,
  3;339,341,340;,
  3;341,339,342;,
  3;341,344,343;,
  3;344,341,342;,
  3;345,347,346;,
  3;347,345,348;,
  3;346,350,349;,
  3;350,346,347;,
  3;348,351,347;,
  3;351,348,352;,
  3;347,353,350;,
  3;353,347,351;,
  3;352,341,351;,
  3;341,352,340;,
  3;351,343,353;,
  3;343,351,341;,
  3;354,356,355;,
  3;356,354,357;,
  3;358,360,359;,
  3;360,358,361;,
  3;361,362,360;,
  3;362,361,363;,
  3;364,366,365;,
  3;366,364,367;,
  3;365,369,368;,
  3;369,365,366;,
  3;367,370,366;,
