xof 0303txt 0032
template XSkinMeshHeader {
 <3cf169ce-ff7c-44ab-93c0-f78f62d172e2>
 WORD nMaxSkinWeightsPerVertex;
 WORD nMaxSkinWeightsPerFace;
 WORD nBones;
}

template VertexDuplicationIndices {
 <b8d65549-d7c9-4995-89cf-53a9a8b031e3>
 DWORD nIndices;
 DWORD nOriginalVertices;
 array DWORD indices[nIndices];
}

template SkinWeights {
 <6f0d123b-bad2-4167-a0d0-80224f25fabb>
 STRING transformNodeName;
 DWORD nWeights;
 array DWORD vertexIndices[nWeights];
 array FLOAT weights[nWeights];
 Matrix4x4 matrixOffset;
}

template AnimTicksPerSecond {
 <9e415a43-7ba6-4a73-8743-b73d47e88476>
 DWORD AnimTicksPerSecond;
}


AnimTicksPerSecond {
 4800;
}

Frame Dummy01 {
 

 FrameTransformMatrix {
  1.000000,0.000000,0.000000,0.000000,0.000000,-0.000000,-1.000000,0.000000,0.000000,1.000000,-0.000000,0.000000,0.000000,0.000000,0.000000,1.000000;;
 }

 Frame Bip01 {
  

  FrameTransformMatrix {
   -0.489723,0.856106,0.165091,0.000000,0.089573,-0.138947,0.986241,0.000000,0.867265,0.497772,-0.008638,0.000000,0.001703,-0.010862,0.491068,1.000000;;
  }

  Frame Bip01_Pelvis {
   

   FrameTransformMatrix {
    -0.000000,0.996195,-0.087157,0.000000,-0.000001,0.087157,0.996195,0.000000,1.000000,0.000000,0.000001,0.000000,0.000000,0.000000,0.000000,1.000000;;
   }

   Frame Bip01_Spine {
    

    FrameTransformMatrix {
     0.978965,0.093084,0.181555,0.000000,-0.106937,0.991935,0.068046,0.000000,-0.173757,-0.086030,0.981024,0.000000,0.051452,0.004508,-0.000083,1.000000;;
    }

    Frame Bip01_Spine1 {
     

     FrameTransformMatrix {
      0.983954,0.064265,0.166449,0.000000,-0.043008,0.990802,-0.128304,0.000000,-0.173164,0.119087,0.977667,0.000000,0.106495,-0.000010,-0.000083,1.000000;;
     }

     Frame Bip01_Neck {
      

      FrameTransformMatrix {
       1.000000,-0.000000,-0.000000,0.000000,0.000000,1.000000,-0.000000,0.000000,0.000000,-0.000000,1.000000,0.000000,0.130504,0.000000,0.004625,1.000000;;
      }

      Frame Bip01_Head {
       

       FrameTransformMatrix {
        0.990674,-0.061064,-0.121803,0.000000,0.011502,0.928240,-0.371804,0.000000,0.135767,0.366936,0.920286,0.000000,0.033674,0.000000,0.000000,1.000000;;
       }

       Frame Bip01_HeadNub {
        

        FrameTransformMatrix {
         1.000000,0.000000,0.000000,0.000000,0.000000,1.000000,-0.000000,0.000000,0.000000,0.000000,1.000000,0.000000,0.169824,0.000000,0.000000,1.000000;;
        }
       }
      }

      Frame Bip01_L_Clavicle {
       

       FrameTransformMatrix {
        -0.167226,0.985870,0.009800,0.000000,0.985918,0.167226,0.000855,0.000000,-0.000796,0.009805,-0.999952,0.000000,-0.024025,0.015714,-0.004625,1.000000;;
       }

       Frame Bip01_L_UpperArm {
        

        FrameTransformMatrix {
         0.574455,-0.783123,0.238159,0.000000,0.816781,0.567469,-0.104157,0.000000,-0.053580,0.254357,0.965625,0.000000,0.087086,0.000000,0.000000,1.000000;;
        }

        Frame Bip01_L_Forearm {
         

         FrameTransformMatrix {
          0.470767,0.000000,-0.882258,0.000000,0.000000,1.000000,-0.000000,0.000000,0.882258,0.000000,0.470767,0.000000,0.137062,0.000000,0.000000,1.000000;;
         }

         Frame Bip01_L_Hand {
          

          FrameTransformMatrix {
           0.925928,0.317637,-0.204365,0.000000,0.120819,0.263561,0.957047,0.000000,0.357856,-0.910847,0.205662,0.000000,0.137062,0.000000,0.000000,1.000000;;
          }

          Frame Bip01_L_Finger0 {
           

           FrameTransformMatrix {
            0.601558,-0.502847,0.620703,0.000000,0.696822,0.710248,-0.099940,0.000000,-0.390599,0.492640,0.777650,0.000000,0.057681,-0.023605,-0.000272,1.000000;;
           }

           Frame Bip01_L_Finger0Nub {
            

            FrameTransformMatrix {
             1.000000,-0.000000,0.000000,0.000000,0.000000,1.000000,0.000000,0.000000,0.000000,0.000000,1.000000,0.000000,0.029435,0.000000,0.000000,1.000000;;
            }
           }
          }

          Frame Bip01_L_Finger1 {
           

           FrameTransformMatrix {
            0.879300,-0.000379,0.476267,0.000000,0.000000,1.000000,0.000796,0.000000,-0.476268,-0.000700,0.879300,0.000000,0.084102,-0.000000,0.000000,1.000000;;
           }

           Frame Bip01_L_Finger1Nub {
            

            FrameTransformMatrix {
             1.000000,0.000000,0.000000,0.000000,-0.000000,1.000000,0.000000,0.000000,0.000000,0.000000,1.000000,0.000000,0.047988,0.000000,-0.000000,1.000000;;
            }
           }
          }
         }
        }
       }
      }

      Frame Bip01_R_Clavicle {
       

       FrameTransformMatrix {
        -0.041764,-0.999128,0.000036,0.000000,-0.999127,0.041764,0.000796,0.000000,-0.000796,-0.000003,-1.000000,0.000000,-0.024025,-0.015715,-0.004625,1.000000;;
       }

       Frame Bip01_R_UpperArm {
        

        FrameTransformMatrix {
         0.407132,0.854417,0.322824,0.000000,-0.902400,0.321668,0.286713,0.000000,0.141130,-0.408046,0.901987,0.000000,0.087086,0.000000,0.000000,1.000000;;
        }

        Frame Bip01_R_Forearm {
         

         FrameTransformMatrix {
          -0.004388,0.000000,-0.999991,0.000000,0.000000,1.000000,-0.000000,0.000000,0.999991,0.000000,-0.004388,0.000000,0.137062,0.000000,0.000000,1.000000;;
         }

         Frame Bip01_R_Hand {
          

          FrameTransformMatrix {
           0.975409,-0.163198,-0.148137,0.000000,-0.132670,0.101968,-0.985901,0.000000,0.176002,0.981310,0.077809,0.000000,0.137062,-0.000000,-0.000000,1.000000;;
          }

          Frame Bip01_R_Finger0 {
           

           FrameTransformMatrix {
            0.166554,0.297180,0.940183,0.000000,-0.870771,0.491689,-0.001159,0.000000,-0.462622,-0.818491,0.340669,0.000000,0.057681,0.023605,-0.000272,1.000000;;
           }

           Frame Bip01_R_Finger0Nub {
            

            FrameTransformMatrix {
             -1.000000,0.000000,0.000000,0.000000,-0.000000,1.000000,0.000000,0.000000,-0.000000,-0.000000,-1.000000,0.000000,0.029435,0.000000,0.000000,1.000000;;
            }
           }
          }

          Frame Bip01_R_Finger1 {
           

           FrameTransformMatrix {
            0.329982,0.000752,0.943987,0.000000,0.000000,1.000000,-0.000796,0.000000,-0.943987,0.000263,0.329982,0.000000,0.084102,0.000000,0.000000,1.000000;;
           }

           Frame Bip01_R_Finger1Nub {
            

            FrameTransformMatrix {
             -1.000000,-0.000000,-0.000000,0.000000,0.000000,1.000000,0.000000,0.000000,-0.000000,-0.000000,-1.000000,0.000000,0.047988,-0.000000,0.000000,1.000000;;
            }
           }
          }
         }
        }
       }
      }
     }

     Frame Bip01_BackPack {
      

      FrameTransformMatrix {
       0.190104,-0.000002,-0.981764,0.000000,0.000003,1.000000,-0.000002,0.000000,0.981764,-0.000002,0.190104,0.000000,0.063697,-0.000000,-0.088856,1.000000;;
      }

      Frame Bip01_BackPackNub {
       

       FrameTransformMatrix {
        0.000796,0.000003,1.000000,0.000000,-0.000000,-1.000000,0.000003,0.000000,1.000000,-0.000000,-0.000796,0.000000,0.053240,0.000000,0.000000,1.000000;;
       }
      }
     }
    }

    Frame Bip01_L_Thigh {
     

     FrameTransformMatrix {
      -0.943813,0.266120,0.195952,0.000000,-0.171772,-0.901573,0.397065,0.000000,0.282332,0.341097,0.896628,0.000000,-0.045633,0.055817,0.004658,1.000000;;
     }

     Frame Bip01_L_Calf {
      

      FrameTransformMatrix {
       0.960883,-0.000000,-0.276953,0.000000,0.000000,1.000000,0.000000,0.000000,0.276953,-0.000000,0.960883,0.000000,0.237500,0.000000,0.000000,1.000000;;
      }

      Frame Bip01_L_Foot {
       

       FrameTransformMatrix {
        0.994111,0.106220,0.021459,0.000000,-0.108136,0.959463,0.260265,0.000000,0.007056,-0.261052,0.965299,0.000000,0.206841,0.000000,-0.000000,1.000000;;
       }

       Frame Bip01_L_Toe0 {
        

        FrameTransformMatrix {
         -0.281149,0.092896,0.955157,0.000000,0.009524,0.995525,-0.094019,0.000000,-0.959617,-0.017337,-0.280775,0.000000,0.065373,-0.000000,0.066450,1.000000;;
        }

        Frame Bip01_L_Toe0Nub {
         

         FrameTransformMatrix {
          -1.000000,0.000000,-0.000000,0.000000,-0.000000,1.000000,-0.000000,0.000000,0.000000,-0.000000,-1.000000,0.000000,0.006735,0.000000,0.000000,1.000000;;
         }
        }
       }
      }
     }
    }

    Frame Bip01_R_Thigh {
     

     FrameTransformMatrix {
      -0.970162,-0.142816,0.195935,0.000000,0.152858,-0.987554,0.037049,0.000000,0.188205,0.065894,0.979917,0.000000,-0.055914,-0.053743,0.014160,1.000000;;
     }

     Frame Bip01_R_Calf {
      

      FrameTransformMatrix {
       0.860711,-0.000000,-0.509093,0.000000,0.000000,1.000000,-0.000000,0.000000,0.509093,0.000000,0.860711,0.000000,0.237500,-0.000000,0.000000,1.000000;;
      }

      Frame Bip01_R_Foot {
       

       FrameTransformMatrix {
        0.920327,-0.181342,0.346574,0.000000,0.218821,0.973112,-0.071904,0.000000,-0.324216,0.142013,0.935263,0.000000,0.206841,0.000000,-0.000000,1.000000;;
       }

       Frame Bip01_R_Toe0 {
        

        FrameTransformMatrix {
         0.793110,-0.384599,0.472294,0.000000,-0.009867,0.767207,0.641323,0.000000,-0.608999,-0.513300,0.604685,0.000000,0.065373,0.000000,0.066450,1.000000;;
        }

        Frame Bip01_R_Toe0Nub {
         

         FrameTransformMatrix {
          1.000000,-0.000000,0.000000,0.000000,0.000000,1.000000,-0.000000,0.000000,0.000000,-0.000000,1.000000,0.000000,0.006735,0.000000,0.000000,1.000000;;
         }
        }
       }
      }
     }
    }
   }

   Frame Bip01_DressFront {
    

    FrameTransformMatrix {
     -0.995138,-0.084051,-0.051337,0.000000,-0.083943,0.996462,-0.004265,0.000000,0.051514,0.000066,-0.998672,0.000000,-0.044009,0.001399,0.061087,1.000000;;
    }

    Frame Bip01_DressFront02 {
     

     FrameTransformMatrix {
      0.997128,0.000000,0.075731,0.000000,-0.000000,1.000000,0.000000,0.000000,-0.075731,-0.000000,0.997128,0.000000,0.183334,0.000000,-0.000131,1.000000;;
     }

     Frame Bip01_DressFrontNub {
      

      FrameTransformMatrix {
       0.000796,0.000003,1.000000,0.000000,0.000000,-1.000000,0.000003,0.000000,1.000000,-0.000000,-0.000796,0.000000,0.165302,0.000000,0.000000,1.000000;;
      }
     }
    }
   }

   Frame Bip01_DressBack {
    

    FrameTransformMatrix {
     -0.993273,-0.085672,0.077908,0.000000,-0.077909,0.992157,0.097752,0.000000,-0.085671,0.091025,-0.992157,0.000000,-0.047720,-0.000013,-0.078280,1.000000;;
    }

    Frame Bip01_DressBack02 {
     

     FrameTransformMatrix {
      0.931719,0.000001,0.363181,0.000000,-0.000001,1.000000,-0.000000,0.000000,-0.363181,-0.000000,0.931719,0.000000,0.176198,0.000000,-0.000101,1.000000;;
     }

     Frame Bip01_DressBackNub {
      

      FrameTransformMatrix {
       0.000796,0.000003,1.000000,0.000000,-0.000000,-1.000000,0.000003,0.000000,1.000000,-0.000000,-0.000796,0.000000,0.136508,-0.000000,0.000000,1.000000;;
      }
     }
    }
   }
  }

  Frame Bip01_Prop1 {
   

   FrameTransformMatrix {
    -0.248451,-0.133265,0.959434,0.000000,0.603904,0.753115,0.260992,0.000000,-0.757345,0.644250,-0.106633,0.000000,0.114130,0.000886,-0.112751,1.000000;;
   }
  }

  Frame Bip01_Prop2 {
   

   FrameTransformMatrix {
    0.619219,-0.579509,0.529847,0.000000,0.772153,0.326810,-0.544955,0.000000,0.142647,0.746569,0.649836,0.000000,0.069563,-0.054508,0.212026,1.000000;;
   }
  }
 }
}

Frame Translation_Data {
 

 FrameTransformMatrix {
  -0.000000,0.000000,-1.000000,0.000000,-1.000000,-0.000000,0.000000,0.000000,-0.000000,1.000000,0.000000,0.000000,0.000000,-0.000000,0.000000,1.000000;;
 }
}

Frame Body {
 

 FrameTransformMatrix {
  1.000000,0.000000,0.000000,0.000000,0.000000,1.000000,0.000000,0.000000,0.000000,0.000000,1.000000,0.000000,0.000000,0.000000,0.000000,1.000000;;
 }

 Mesh Body {
  617;
  0.052183;0.744807;-0.060434;,
  0.021818;0.771798;-0.033634;,
  0.019580;0.740056;-0.045697;,
  0.059127;0.723996;-0.064553;,
  0.065123;0.709389;-0.066628;,
  0.019119;0.706437;-0.059414;,
  0.027003;0.674464;-0.064319;,
  0.073898;0.678478;-0.054861;,
  0.039263;0.796628;-0.004012;,
  0.073404;0.774875;-0.024323;,
  0.093711;0.774422;-0.000654;,
  0.069027;0.780959;0.017746;,
  0.094001;0.539664;0.012666;,
  0.069835;0.527820;0.052643;,
  0.069089;0.542394;0.047737;,
  0.087061;0.549822;0.012583;,
  0.054357;0.557888;-0.032085;,
  0.074756;0.531341;-0.025148;,
  0.014810;0.555961;-0.044907;,
  0.017530;0.502234;-0.043629;,
  0.048137;0.512298;-0.047500;,
  -0.018708;0.710218;-0.043914;,
  -0.024062;0.675201;-0.045361;,
  0.033027;0.520408;0.072001;,
  0.031959;0.537807;0.068740;,
  0.084885;0.647197;0.045963;,
  0.042053;0.650413;0.075409;,
  0.042621;0.691952;0.077054;,
  0.090669;0.690578;0.046231;,
  0.042205;0.466372;-0.066112;,
  0.058699;0.373294;-0.096114;,
  0.101937;0.369297;-0.076877;,
  0.085386;0.460766;-0.040749;,
  0.065980;0.281696;-0.124405;,
  0.103499;0.275960;-0.087586;,
  0.002598;0.455467;-0.037346;,
  0.029999;0.416078;0.041362;,
  0.040514;0.341633;0.006758;,
  0.017839;0.360026;-0.063376;,
  0.059202;0.263359;-0.040033;,
  0.047734;0.267965;-0.080435;,
  0.098270;0.429148;0.009173;,
  0.116272;0.353996;-0.015594;,
  0.098515;0.271392;-0.047409;,
  0.129541;-0.000567;-0.077592;,
  0.085120;-0.002806;-0.084433;,
  0.086396;-0.003828;-0.035640;,
  0.121105;-0.002030;-0.032968;,
  0.079347;0.221251;-0.106195;,
  0.088159;0.147709;-0.108417;,
  0.122404;0.148610;-0.085899;,
  0.115666;0.222994;-0.083994;,
  0.102263;0.068491;-0.110306;,
  0.124768;0.068778;-0.084097;,
  0.046001;0.196631;-0.076423;,
  0.055885;0.209616;-0.023127;,
  0.069055;0.146445;-0.036345;,
  0.064587;0.140190;-0.078476;,
  0.093951;0.074750;-0.057447;,
  0.088297;0.058881;-0.087729;,
  0.125037;0.226698;-0.035591;,
  0.129585;0.153390;-0.048332;,
  0.117149;0.082251;-0.059741;,
  0.082213;0.502583;-0.028923;,
  -0.024158;0.493466;-0.035356;,
  -0.017771;0.457234;-0.029640;,
  0.002598;0.455467;-0.037346;,
  0.110264;0.488574;0.015804;,
  0.078396;0.479444;0.060335;,
  0.100835;0.440593;0.012308;,
  0.069048;0.435362;0.048800;,
  0.076484;0.597384;0.043287;,
  0.103220;0.643442;0.015032;,
  0.104618;0.647055;-0.005617;,
  0.072136;0.647954;-0.048355;,
  0.057665;0.600253;-0.033428;,
  0.090437;0.597385;0.005180;,
  0.024529;0.645390;-0.061518;,
  0.022763;0.596947;-0.046143;,
  -0.026994;0.650275;-0.039094;,
  -0.021471;0.593238;-0.024672;,
  0.111168;0.704129;-0.080872;,
  0.066426;0.695405;-0.052278;,
  0.143704;0.665991;-0.073670;,
  0.097316;0.643001;-0.043511;,
  0.130258;0.610761;-0.030954;,
  0.168351;0.628016;-0.055626;,
  0.092921;0.708769;0.000932;,
  0.121346;0.667990;0.012735;,
  0.097316;0.643001;-0.043511;,
  0.154458;0.615087;0.012380;,
  0.130258;0.610761;-0.030954;,
  0.101766;0.715527;0.003055;,
  0.135031;0.728170;-0.024293;,
  0.167699;0.691304;-0.017457;,
  0.192519;0.632118;-0.012192;,
  0.127141;0.718574;-0.060078;,
  0.164797;0.622447;-0.072089;,
  0.119393;0.600928;-0.044237;,
  0.124960;0.554564;-0.082985;,
  0.153728;0.570445;-0.099343;,
  0.127683;0.518057;-0.104290;,
  0.147802;0.525614;-0.120419;,
  0.119393;0.600928;-0.044237;,
  0.157444;0.575757;-0.000473;,
  0.165788;0.533952;-0.048602;,
  0.124960;0.554564;-0.082985;,
  0.158522;0.502191;-0.085817;,
  0.127683;0.518057;-0.104290;,
  0.202584;0.597249;-0.028140;,
  0.187632;0.546528;-0.061202;,
  0.171041;0.508087;-0.096546;,
  0.121103;0.447664;-0.214073;,
  0.112442;0.450612;-0.194069;,
  0.147468;0.434561;-0.165186;,
  0.155603;0.431931;-0.185137;,
  0.098734;0.484437;-0.170985;,
  0.103875;0.476007;-0.176308;,
  0.109204;0.482015;-0.183830;,
  0.099322;0.492291;-0.179591;,
  0.151365;0.470044;-0.112461;,
  0.160369;0.456954;-0.146276;,
  0.126250;0.494097;-0.161815;,
  0.113338;0.497061;-0.129669;,
  0.177004;0.494281;-0.126124;,
  0.172555;0.464441;-0.160188;,
  0.137895;0.523648;-0.143732;,
  0.139991;0.500726;-0.174611;,
  0.102015;0.767306;-0.036106;,
  0.092898;0.763810;-0.064356;,
  0.073404;0.774875;-0.024323;,
  0.061456;0.767307;-0.044771;,
  0.114865;0.690471;0.013471;,
  0.036362;0.785830;-0.030196;,
  0.078429;0.743919;-0.077131;,
  0.052183;0.744807;-0.060434;,
  0.059127;0.723996;-0.064553;,
  0.079376;0.716847;-0.072237;,
  0.112746;0.734562;0.002350;,
  0.087388;0.730544;0.036661;,
  0.113168;0.738008;-0.002686;,
  0.037419;0.729242;0.066320;,
  0.024734;0.778521;0.034421;,
  0.093711;0.774422;-0.000654;,
  0.113168;0.738008;-0.002686;,
  0.078135;0.706656;-0.039879;,
  0.109378;0.726637;-0.010068;,
  0.066426;0.695405;-0.052278;,
  0.101624;0.683655;-0.014949;,
  0.079269;0.676925;-0.041197;,
  0.065123;0.709389;-0.066628;,
  0.113812;0.687965;-0.004048;,
  0.113338;0.497061;-0.129669;,
  0.033666;0.817527;0.003795;,
  0.036197;0.814638;-0.018706;,
  0.015336;0.801015;0.012477;,
  0.011621;0.820467;0.019013;,
  0.139991;0.500726;-0.174611;,
  0.121103;0.447664;-0.214073;,
  0.155603;0.431931;-0.185137;,
  0.103227;0.493292;-0.153675;,
  0.111320;0.507169;-0.173996;,
  0.103227;0.493292;-0.153675;,
  0.114631;0.482917;-0.162571;,
  0.130614;0.496187;-0.175769;,
  0.130614;0.496187;-0.175769;,
  0.098734;0.484437;-0.170985;,
  0.099322;0.492291;-0.179591;,
  0.109204;0.482015;-0.183830;,
  0.140969;0.023277;-0.153175;,
  0.112828;0.019527;-0.193266;,
  0.115746;0.001225;-0.200739;,
  0.148269;0.002155;-0.160351;,
  0.081750;0.029593;-0.045874;,
  0.086396;-0.003828;-0.035640;,
  0.085120;-0.002806;-0.084433;,
  0.082620;0.022101;-0.086568;,
  0.093951;0.074750;-0.057447;,
  0.117149;0.082251;-0.059741;,
  0.122967;0.034785;-0.042840;,
  0.129541;-0.000567;-0.077592;,
  0.121105;-0.002030;-0.032968;,
  0.129006;0.034442;-0.079254;,
  0.102263;0.068491;-0.110306;,
  0.124768;0.068778;-0.084097;,
  0.080108;-0.000840;-0.193269;,
  0.084765;0.014810;-0.185231;,
  0.148269;0.002155;-0.160351;,
  0.080108;-0.000840;-0.193269;,
  0.017839;0.360026;-0.063376;,
  0.047734;0.267965;-0.080435;,
  0.046001;0.196631;-0.076423;,
  0.064587;0.140190;-0.078476;,
  0.088297;0.058881;-0.087729;,
  0.088297;0.058881;-0.087729;,
  0.006775;0.436600;0.011294;,
  0.044316;0.821338;-0.031401;,
  0.034094;0.817991;-0.049971;,
  0.025524;0.811099;-0.047716;,
  0.023727;0.810760;-0.032673;,
  0.038309;0.839564;-0.006707;,
  0.032051;0.848643;0.014763;,
  0.013403;0.958974;-0.036554;,
  -0.006302;0.963005;-0.034585;,
  -0.008460;0.951333;-0.061975;,
  0.025011;0.893974;-0.086442;,
  0.021372;0.921981;-0.077212;,
  0.007552;0.892583;-0.091540;,
  0.049244;0.849028;-0.027412;,
  0.039115;0.838486;-0.053322;,
  0.043271;0.832375;-0.022130;,
  0.051031;0.883611;-0.009395;,
  0.049205;0.894129;-0.031488;,
  0.046999;0.930954;-0.036368;,
  0.036027;0.928898;-0.061971;,
  0.042687;0.890193;-0.057651;,
  0.040657;0.894441;0.028444;,
  0.049808;0.886992;0.007020;,
  0.002709;0.894049;0.043123;,
  0.000278;0.941829;0.031253;,
  0.032105;0.941036;0.018050;,
  0.043847;0.867522;-0.057192;,
  0.027489;0.862495;-0.079203;,
  0.028793;0.828895;-0.066472;,
  0.013895;0.804165;-0.077400;,
  -0.006282;0.800336;-0.085061;,
  -0.004313;0.797867;-0.064157;,
  0.017196;0.941018;-0.067595;,
  0.033300;0.949237;-0.038176;,
  0.045533;0.939187;-0.002180;,
  0.030806;0.956342;-0.009300;,
  -0.002917;0.962934;0.002664;,
  0.014087;0.961228;-0.001265;,
  0.002651;0.855878;0.030587;,
  0.045533;0.939187;-0.002180;,
  0.030806;0.956342;-0.009300;,
  0.053474;0.879377;-0.023010;,
  0.053566;0.851866;-0.028383;,
  0.061157;0.878896;-0.010401;,
  0.056795;0.897968;-0.017817;,
  0.061157;0.878896;-0.010401;,
  0.053566;0.851866;-0.028383;,
  0.056795;0.897968;-0.017817;,
  0.049205;0.894129;-0.031488;,
  0.049730;0.870055;-0.038805;,
  0.049244;0.849028;-0.027412;,
  0.026621;0.884728;-0.078650;,
  0.049730;0.870055;-0.038805;,
  0.036362;0.785830;-0.030196;,
  0.036197;0.814638;-0.018706;,
  0.061456;0.767307;-0.044771;,
  0.038309;0.839564;-0.006707;,
  -0.011646;0.760339;-0.036268;,
  -0.014061;0.736259;-0.037977;,
  -0.024568;0.551732;-0.026677;,
  0.041610;0.473642;0.079990;,
  0.039655;0.440549;0.071175;,
  0.034694;0.422643;0.061773;,
  -0.008633;0.797426;-0.045815;,
  0.006775;0.436600;0.011294;,
  0.014087;0.961228;-0.001265;,
  -0.002917;0.962934;0.002664;,
  0.013218;0.835849;-0.081804;,
  0.004500;0.858543;-0.087354;,
  0.004915;0.848913;-0.087910;,
  -0.009337;0.942212;-0.074466;,
  -0.009973;0.920770;-0.088150;,
  0.006550;0.883344;-0.082422;,
  0.037140;0.597669;0.069747;,
  0.061456;0.767307;-0.044771;,
  0.115746;0.001225;-0.200739;,
  0.012815;0.829250;-0.081723;,
  0.004599;0.827203;-0.088018;,
  0.004622;0.831891;-0.084257;,
  -0.009304;0.856539;-0.100814;,
  -0.008233;0.847725;-0.091766;,
  0.003833;0.835959;-0.088895;,
  -0.007052;0.831878;-0.083706;,
  -0.007413;0.825306;-0.089728;,
  -0.009906;0.891191;-0.096638;,
  -0.009313;0.881684;-0.093076;,
  0.109378;0.726637;-0.010068;,
  -0.007879;0.835835;-0.091576;,
  0.081314;0.712319;-0.023682;,
  0.078135;0.706656;-0.039879;,
  0.065123;0.709389;-0.066628;,
  0.049808;0.886992;0.007020;,
  0.079347;0.221251;-0.106195;,
  0.010424;0.221442;-0.094241;,
  0.025533;0.145065;-0.098388;,
  0.088159;0.147709;-0.108417;,
  0.065980;0.281696;-0.124405;,
  0.010031;0.279238;-0.101898;,
  0.058699;0.373294;-0.096114;,
  -0.003156;0.368918;-0.076218;,
  0.042205;0.466372;-0.066112;,
  -0.009628;0.455986;-0.060294;,
  0.017530;0.502234;-0.043629;,
  0.029679;0.072656;-0.104099;,
  0.102263;0.068491;-0.110306;,
  0.077638;0.136446;-0.009683;,
  0.089528;0.067405;-0.014090;,
  0.042244;0.063064;0.069292;,
  0.034395;0.135129;0.058808;,
  0.022387;0.200331;0.042407;,
  0.063002;0.207864;-0.010460;,
  0.018096;0.260136;0.037824;,
  0.058447;0.256455;-0.009713;,
  0.042563;0.338284;0.021195;,
  0.025290;0.341088;0.050738;,
  0.039414;0.413017;0.067749;,
  0.081314;0.712319;-0.023682;,
  -0.070632;0.757217;0.000154;,
  -0.081492;0.737244;0.004934;,
  -0.039898;0.743918;-0.016080;,
  -0.028348;0.775056;-0.008654;,
  -0.086628;0.719691;0.009159;,
  -0.085574;0.687368;0.030302;,
  -0.068009;0.679761;-0.013580;,
  -0.054019;0.711186;-0.022995;,
  -0.012632;0.799997;0.021829;,
  -0.014728;0.786398;0.059452;,
  -0.045092;0.784875;0.068018;,
  -0.050800;0.787553;0.036203;,
  -0.051321;0.526770;0.093310;,
  -0.045160;0.540872;0.088927;,
  -0.005016;0.537377;0.090524;,
  -0.003439;0.521319;0.093305;,
  -0.068719;0.549557;0.038979;,
  -0.072087;0.518312;0.056339;,
  -0.060201;0.550884;-0.001596;,
  -0.074022;0.501502;0.019561;,
  -0.053995;0.495887;-0.003938;,
  0.031959;0.537807;0.068740;,
  0.033027;0.520408;0.072001;,
  -0.004843;0.651112;0.098154;,
  -0.009590;0.696168;0.099774;,
  0.042621;0.691952;0.077054;,
  0.042053;0.650413;0.075409;,
  -0.075192;0.453975;-0.001779;,
  -0.086853;0.450126;0.047458;,
  -0.120577;0.357081;0.038766;,
  -0.102060;0.358294;-0.004951;,
  -0.125060;0.263392;0.039431;,
  -0.123213;0.260044;-0.012566;,
  -0.024607;0.444030;-0.006903;,
  -0.049306;0.347035;-0.007712;,
  -0.017606;0.335556;0.060367;,
  0.016685;0.412722;0.062505;,
  -0.079005;0.254376;0.007462;,
  -0.059674;0.258231;0.043875;,
  -0.088891;0.347686;0.094471;,
  -0.055786;0.421649;0.092812;,
  -0.093960;0.266442;0.064405;,
  -0.098284;-0.001504;0.121537;,
  -0.065687;-0.001526;0.153191;,
  -0.038773;-0.001072;0.131043;,
  -0.065809;-0.000928;0.090392;,
  -0.110892;0.204205;0.025631;,
  -0.121914;0.215889;0.065090;,
  -0.114706;0.145722;0.089724;,
  -0.105523;0.134887;0.051268;,
  -0.101546;0.069897;0.115424;,
  -0.101701;0.063287;0.081421;,
  -0.062535;0.188212;0.028845;,
  -0.067055;0.135802;0.056559;,
  -0.042685;0.155823;0.085532;,
  -0.035622;0.218639;0.067011;,
  -0.074337;0.060336;0.090873;,
  -0.061747;0.081644;0.113058;,
  -0.095106;0.163068;0.118020;,
  -0.096307;0.235934;0.102331;,
  -0.081743;0.088571;0.125520;,
  -0.075271;0.488610;0.058469;,
  -0.024607;0.444030;-0.006903;,
  0.005122;0.472943;0.100997;,
  -0.050241;0.474333;0.104873;,
  0.000710;0.430104;0.090745;,
  -0.050259;0.430871;0.095004;,
  -0.004369;0.599165;0.092653;,
  -0.041100;0.649740;0.098977;,
  -0.059499;0.654216;0.089843;,
  -0.044892;0.600367;0.087805;,
  -0.064691;0.602949;0.041277;,
  -0.080823;0.654628;0.040614;,
  -0.060532;0.598782;0.004713;,
  -0.069235;0.649481;-0.006979;,
  -0.121112;0.722832;0.035614;,
  -0.134873;0.687706;0.069405;,
  -0.069054;0.716796;0.023399;,
  -0.133710;0.658689;0.108074;,
  -0.088001;0.644850;0.099603;,
  -0.079337;0.667768;0.059005;,
  -0.049739;0.739432;0.076564;,
  -0.079337;0.667768;0.059005;,
  -0.057129;0.702245;0.110809;,
  -0.088001;0.644850;0.099603;,
  -0.077249;0.645689;0.141064;,
  -0.054824;0.746808;0.083503;,
  -0.112693;0.722496;0.121117;,
  -0.098468;0.756418;0.087651;,
  -0.122875;0.659236;0.149568;,
  -0.118193;0.741016;0.059215;,
  -0.139249;0.664402;0.090055;,
  -0.145083;0.623813;0.046606;,
  -0.111664;0.611954;0.037121;,
  -0.085408;0.648594;0.077743;,
  -0.151680;0.587420;0.013035;,
  -0.125637;0.582906;0.011416;,
  -0.085408;0.648594;0.077743;,
  -0.111664;0.611954;0.037121;,
  -0.121049;0.575232;0.079985;,
  -0.086346;0.606748;0.124857;,
  -0.125637;0.582906;0.011416;,
  -0.135723;0.555518;0.037940;,
  -0.146562;0.584765;0.087217;,
  -0.139859;0.622608;0.137029;,
  -0.153690;0.559962;0.038804;,
  -0.142002;0.529637;-0.085062;,
  -0.157548;0.503971;-0.047987;,
  -0.152530;0.516029;-0.030650;,
  -0.136785;0.542270;-0.067827;,
  -0.127503;0.565773;-0.050098;,
  -0.130530;0.573871;-0.057932;,
  -0.137737;0.561780;-0.062739;,
  -0.130654;0.556757;-0.055981;,
  -0.136718;0.532519;0.004152;,
  -0.126670;0.573571;-0.022037;,
  -0.155059;0.567814;-0.041268;,
  -0.160401;0.519181;-0.021482;,
  -0.180023;0.522063;-0.023661;,
  -0.170831;0.545308;0.014361;,
  -0.160886;0.588968;-0.012038;,
  -0.174909;0.569216;-0.041979;,
  -0.076009;0.789397;0.051187;,
  -0.093344;0.786990;0.026945;,
  -0.059546;0.780224;0.014840;,
  -0.050800;0.787553;0.036203;,
  -0.050152;0.699670;0.101596;,
  -0.032844;0.790324;0.004265;,
  -0.099013;0.765370;0.009736;,
  -0.098999;0.737912;0.016466;,
  -0.081492;0.737244;0.004934;,
  -0.070632;0.757217;0.000154;,
  -0.058400;0.747965;0.087634;,
  -0.062380;0.751931;0.084734;,
  -0.015878;0.737249;0.088083;,
  0.037419;0.729242;0.066320;,
  0.024734;0.778521;0.034421;,
  -0.045092;0.784875;0.068018;,
  -0.062380;0.751931;0.084734;,
  -0.074518;0.718724;0.036140;,
  -0.069054;0.716796;0.023399;,
  -0.067276;0.741580;0.077953;,
  -0.077328;0.685655;0.042431;,
  -0.067156;0.693065;0.075185;,
  -0.086628;0.719691;0.009159;,
  -0.064382;0.697900;0.091114;,
  -0.126670;0.573571;-0.022037;,
  -0.029948;0.815992;0.001391;,
  -0.015268;0.818528;0.018662;,
  0.011621;0.820467;0.019013;,
  0.015336;0.801015;0.012477;,
  -0.174909;0.569216;-0.041979;,
  -0.142002;0.529637;-0.085062;,
  -0.157548;0.503971;-0.047987;,
  -0.145546;0.584705;-0.050601;,
  -0.133091;0.571798;-0.031912;,
  -0.133091;0.571798;-0.031912;,
  -0.142006;0.559590;-0.041310;,
  -0.161530;0.569339;-0.052691;,
  -0.161530;0.569339;-0.052691;,
  -0.130530;0.573871;-0.057932;,
  -0.127503;0.565773;-0.050098;,
  -0.137737;0.561780;-0.062739;,
  -0.152563;0.020038;0.066748;,
  -0.161256;-0.001658;0.064600;,
  -0.157836;-0.001225;0.012853;,
  -0.152364;0.017373;0.017698;,
  -0.043047;0.032376;0.120734;,
  -0.066626;0.024043;0.087756;,
  -0.065809;-0.000928;0.090392;,
  -0.038773;-0.001072;0.131043;,
  -0.061747;0.081644;0.113058;,
  -0.075287;0.034883;0.146988;,
  -0.081743;0.088571;0.125520;,
  -0.098284;-0.001504;0.121537;,
  -0.101097;0.033424;0.120639;,
  -0.065687;-0.001526;0.153191;,
  -0.101701;0.063287;0.081421;,
  -0.101546;0.069897;0.115424;,
  -0.124538;0.014686;0.008064;,
  -0.124325;-0.000776;-0.001533;,
  -0.124325;-0.000776;-0.001533;,
  -0.161256;-0.001658;0.064600;,
  -0.049306;0.347035;-0.007712;,
  -0.079005;0.254376;0.007462;,
  -0.062535;0.188212;0.028845;,
  -0.067055;0.135802;0.056559;,
  -0.074337;0.060336;0.090873;,
  -0.074337;0.060336;0.090873;,
  -0.047489;0.818739;-0.023061;,
  -0.027511;0.811809;-0.017106;,
  -0.031397;0.809488;-0.042545;,
  -0.040607;0.815877;-0.043185;,
  -0.038167;0.837398;0.000240;,
  -0.028665;0.846924;0.020278;,
  -0.025782;0.957864;-0.032994;,
  -0.006302;0.963005;-0.034585;,
  -0.042518;0.892062;-0.080308;,
  -0.026211;0.891627;-0.088473;,
  -0.038854;0.920276;-0.071741;,
  -0.047291;0.836040;-0.045473;,
  -0.053165;0.846128;-0.018109;,
  -0.045413;0.829865;-0.014074;,
  -0.053616;0.880648;0.000112;,
  -0.056391;0.891139;-0.021895;,
  -0.054480;0.887442;-0.048824;,
  -0.050889;0.926438;-0.054075;,
  -0.057170;0.928004;-0.026905;,
  -0.049649;0.884176;0.016055;,
  -0.037223;0.892236;0.035518;,
  0.002709;0.894049;0.043123;,
  -0.033311;0.939184;0.023993;,
  0.000278;0.941829;0.031253;,
  -0.054264;0.864744;-0.048279;,
  -0.038983;0.826976;-0.060315;,
  -0.041881;0.860531;-0.072901;,
  -0.024933;0.803066;-0.073872;,
  -0.034089;0.939566;-0.062937;,
  -0.045068;0.947018;-0.031057;,
  -0.037818;0.954399;-0.003066;,
  -0.050037;0.936481;0.006502;,
  -0.020227;0.960257;0.001853;,
  -0.002917;0.962934;0.002664;,
  0.002651;0.855878;0.030587;,
  -0.050037;0.936481;0.006502;,
  -0.037818;0.954399;-0.003066;,
  -0.063307;0.875372;0.000906;,
  -0.057647;0.848717;-0.018280;,
  -0.058229;0.876214;-0.012863;,
  -0.061416;0.894621;-0.007078;,
  -0.057647;0.848717;-0.018280;,
  -0.063307;0.875372;0.000906;,
  -0.061416;0.894621;-0.007078;,
  -0.056391;0.891139;-0.021895;,
  -0.056873;0.867037;-0.029121;,
  -0.053165;0.846128;-0.018109;,
  -0.042176;0.882780;-0.072400;,
  -0.056873;0.867037;-0.029121;,
  -0.029948;0.815992;0.001391;,
  -0.032844;0.790324;0.004265;,
  -0.059546;0.780224;0.014840;,
  -0.038167;0.837398;0.000240;,
  0.041610;0.473642;0.079990;,
  0.039655;0.440549;0.071175;,
  0.034694;0.422643;0.061773;,
  0.006775;0.436600;0.011294;,
  -0.020227;0.960257;0.001853;,
  -0.002917;0.962934;0.002664;,
  -0.026839;0.834715;-0.078166;,
  -0.020518;0.848193;-0.085600;,
  -0.020551;0.857834;-0.085079;,
  -0.023067;0.882506;-0.079732;,
  0.037140;0.597669;0.069747;,
  -0.059546;0.780224;0.014840;,
  -0.157836;-0.001225;0.012853;,
  -0.019008;0.826534;-0.085874;,
  -0.026058;0.828149;-0.078191;,
  -0.018617;0.831233;-0.082146;,
  -0.018905;0.835315;-0.086829;,
  -0.067276;0.741580;0.077953;,
  -0.062657;0.724084;0.048201;,
  -0.074518;0.718724;0.036140;,
  -0.086628;0.719691;0.009159;,
  -0.049649;0.884176;0.016055;,
  -0.070706;0.208484;-0.029602;,
  -0.075253;0.134349;-0.011272;,
  -0.030861;0.140544;-0.063283;,
  -0.031409;0.217876;-0.063692;,
  -0.079110;0.267635;-0.040285;,
  -0.035983;0.274566;-0.067179;,
  -0.053737;0.359750;-0.037043;,
  -0.029625;0.363543;-0.055144;,
  -0.038594;0.447741;-0.035902;,
  -0.025832;0.449058;-0.048099;,
  -0.024158;0.493466;-0.035356;,
  -0.053995;0.495887;-0.003938;,
  -0.076809;0.063458;-0.000829;,
  -0.032114;0.074628;-0.066365;,
  -0.019211;0.081444;0.125805;,
  -0.081730;0.088571;0.125514;,
  -0.095106;0.163068;0.118020;,
  -0.025607;0.152894;0.102908;,
  -0.096307;0.235934;0.102331;,
  -0.034284;0.220114;0.084237;,
  -0.035978;0.259071;0.068397;,
  -0.093960;0.266442;0.064405;,
  -0.088891;0.347686;0.094471;,
  -0.007951;0.332339;0.074607;,
  0.039655;0.440549;0.071175;,
  0.000710;0.430104;0.090745;,
  -0.062657;0.724084;0.048201;,
  -0.075192;0.453975;-0.001779;,
  -0.102060;0.358294;-0.004951;,
  -0.123213;0.260044;-0.012566;,
  -0.110892;0.204205;0.025631;,
  -0.105523;0.134887;0.051268;,
  -0.101701;0.063287;0.081421;,
  0.098270;0.429148;0.009173;,
  0.116272;0.353996;-0.015594;,
  0.069048;0.435362;0.048800;,
  0.098515;0.271392;-0.047409;,
  0.125037;0.226698;-0.035591;,
  0.129585;0.153390;-0.048332;,
  0.117149;0.082251;-0.059741;,
  -0.055786;0.421649;0.092812;;
  916;
  3;0,2,1;,
  3;2,0,3;,
  3;4,6,5;,
  3;6,4,7;,
  3;8,10,9;,
  3;10,8,11;,
  3;12,14,13;,
  3;14,12,15;,
  3;16,12,17;,
  3;12,16,15;,
  3;18,20,19;,
  3;20,18,16;,
  3;5,22,21;,
  3;22,5,6;,
  3;13,24,23;,
  3;24,13,14;,
  3;25,27,26;,
  3;27,25,28;,
  3;29,31,30;,
  3;31,29,32;,
  3;31,33,30;,
  3;33,31,34;,
  3;35,37,36;,
  3;37,35,38;,
  3;38,39,37;,
  3;39,38,40;,
  3;36,42,41;,
  3;42,36,37;,
  3;37,43,42;,
  3;43,37,39;,
  3;41,31,32;,
  3;31,41,42;,
  3;42,34,31;,
  3;34,42,43;,
  3;44,46,45;,
  3;46,44,47;,
  3;48,50,49;,
  3;50,48,51;,
  3;49,53,52;,
  3;53,49,50;,
  3;54,56,55;,
  3;56,54,57;,
  3;57,58,56;,
  3;58,57,59;,
  3;55,61,60;,
  3;61,55,56;,
  3;56,62,61;,
  3;62,56,58;,
  3;60,50,51;,
  3;50,60,61;,
  3;61,53,50;,
  3;53,61,62;,
  3;32,20,63;,
  3;20,32,29;,
  3;64,66,65;,
  3;66,64,19;,
  3;13,67,12;,
  3;67,13,68;,
  3;68,69,67;,
  3;69,68,70;,
  3;70,41,69;,
  3;41,70,36;,
  3;48,34,51;,
  3;34,48,33;,
  3;51,43,60;,
  3;43,51,34;,
  3;43,55,60;,
  3;55,43,39;,
  3;39,54,55;,
  3;54,39,40;,
  3;12,63,17;,
  3;63,12,67;,
  3;67,32,63;,
  3;32,67,69;,
  3;69,41,32;,
  3;71,72,25;,
  3;73,75,74;,
  3;75,73,76;,
  3;75,77,74;,
  3;77,75,78;,
  3;79,78,80;,
  3;78,79,77;,
  3;81,83,82;,
  3;83,85,84;,
  3;85,83,86;,
  3;87,89,88;,
  3;89,90,88;,
  3;90,89,91;,
  3;92,94,93;,
  3;92,88,94;,
  3;92,87,88;,
  3;88,95,94;,
  3;95,88,90;,
  3;96,94,83;,
  3;94,86,83;,
  3;86,94,95;,
  3;97,99,98;,
  3;99,97,100;,
  3;100,101,99;,
  3;101,100,102;,
  3;103,105,104;,
  3;105,103,106;,
  3;106,107,105;,
  3;107,106,108;,
  3;104,110,109;,
  3;110,104,105;,
  3;105,111,110;,
  3;111,105,107;,
  3;109,100,97;,
  3;100,109,110;,
  3;110,102,100;,
  3;102,110,111;,
  3;112,114,113;,
  3;114,112,115;,
  3;116,118,117;,
  3;118,116,119;,
  3;120,122,121;,
  3;122,120,123;,
  3;120,125,124;,
  3;125,120,121;,
  3;126,125,127;,
  3;125,126,124;,
  3;95,97,86;,
  3;97,95,109;,
  3;86,98,85;,
  3;98,86,97;,
  3;90,103,104;,
  3;103,90,91;,
  3;104,95,90;,
  3;95,104,109;,
  3;128,96,129;,
  3;96,128,93;,
  3;129,130,128;,
  3;130,129,131;,
  3;72,28,25;,
  3;28,72,132;,
  3;9,133,8;,
  3;134,136,135;,
  3;136,134,137;,
  3;81,137,134;,
  3;138,11,139;,
  3;138,10,11;,
  3;138,140,10;,
  3;141,11,142;,
  3;11,141,139;,
  3;128,130,143;,
  3;93,144,92;,
  3;93,143,144;,
  3;93,128,143;,
  3;145,87,146;,
  3;87,145,147;,
  3;74,148,73;,
  3;148,74,149;,
  3;150,147,145;,
  3;7,149,74;,
  3;148,151,73;,
  3;102,152,101;,
  3;152,102,126;,
  3;102,124,126;,
  3;124,102,111;,
  3;111,120,124;,
  3;120,111,107;,
  3;120,108,123;,
  3;108,120,107;,
  3;8,154,153;,
  3;154,8,133;,
  3;153,155,8;,
  3;155,153,156;,
  3;121,113,114;,
  3;113,121,122;,
  3;122,112,113;,
  3;112,122,157;,
  3;158,125,159;,
  3;125,158,127;,
  3;159,121,114;,
  3;121,159,125;,
  3;126,160,152;,
  3;160,126,161;,
  3;162,122,123;,
  3;122,162,163;,
  3;122,164,157;,
  3;164,122,163;,
  3;165,126,127;,
  3;126,165,161;,
  3;161,166,160;,
  3;166,161,167;,
  3;162,117,163;,
  3;117,162,116;,
  3;163,118,164;,
  3;118,163,117;,
  3;165,167,161;,
  3;167,165,168;,
  3;169,171,170;,
  3;171,169,172;,
  3;173,175,174;,
  3;175,173,176;,
  3;177,179,178;,
  3;179,177,173;,
  3;180,179,181;,
  3;179,180,182;,
  3;183,169,170;,
  3;169,183,184;,
  3;175,186,185;,
  3;186,175,176;,
  3;45,187,44;,
  3;187,45,188;,
  3;180,169,182;,
  3;169,180,172;,
  3;19,29,66;,
  3;20,29,19;,
  3;29,30,189;,
  3;30,190,189;,
  3;190,30,33;,
  3;33,191,190;,
  3;191,33,48;,
  3;191,49,192;,
  3;49,191,48;,
  3;192,52,193;,
  3;52,192,49;,
  3;194,170,186;,
  3;170,194,183;,
  3;170,185,186;,
  3;185,170,171;,
  3;186,176,194;,
  3;194,173,177;,
  3;173,194,176;,
  3;179,174,181;,
  3;174,179,173;,
  3;178,182,184;,
  3;182,178,179;,
  3;182,169,184;,
  3;16,17,20;,
  3;17,63,20;,
  3;66,195,65;,
  3;196,198,197;,
  3;198,196,199;,
  3;200,153,154;,
  3;153,200,201;,
  3;202,204,203;,
  3;205,207,206;,
  3;196,209,208;,
  3;209,196,197;,
  3;210,208,211;,
  3;208,210,196;,
  3;212,214,213;,
  3;214,212,215;,
  3;212,213,211;,
  3;201,217,216;,
  3;217,201,200;,
  3;218,220,219;,
  3;220,218,216;,
  3;210,199,196;,
  3;214,205,206;,
  3;221,223,222;,
  3;197,198,224;,
  3;224,226,225;,
  3;226,224,198;,
  3;227,214,206;,
  3;228,229,213;,
  3;229,228,230;,
  3;219,232,231;,
  3;214,228,213;,
  3;156,201,233;,
  3;201,156,153;,
  3;233,216,218;,
  3;216,233,201;,
  3;220,216,234;,
  3;235,220,234;,
  3;236,238,237;,
  3;238,236,239;,
  3;208,240,211;,
  3;240,208,241;,
  3;211,242,212;,
  3;242,211,240;,
  3;243,236,244;,
  3;236,243,239;,
  3;244,237,245;,
  3;237,244,236;,
  3;246,221,222;,
  3;221,246,215;,
  3;221,212,247;,
  3;212,221,215;,
  3;199,248,1;,
  3;248,199,249;,
  3;133,9,250;,
  3;249,210,251;,
  3;210,249,199;,
  3;210,211,251;,
  3;252,2,253;,
  3;2,252,1;,
  3;19,254,18;,
  3;254,19,64;,
  3;23,68,13;,
  3;68,23,255;,
  3;68,256,70;,
  3;256,68,255;,
  3;256,36,70;,
  3;36,256,257;,
  3;258,1,252;,
  3;1,258,199;,
  3;257,259,36;,
  3;36,259,35;,
  3;260,203,261;,
  3;203,260,202;,
  3;262,263,222;,
  3;263,262,264;,
  3;198,258,226;,
  3;258,198,199;,
  3;265,204,227;,
  3;265,206,266;,
  3;206,265,227;,
  3;222,267,246;,
  3;267,222,263;,
  3;89,87,147;,
  3;82,83,84;,
  3;78,16,18;,
  3;16,78,75;,
  3;75,15,16;,
  3;15,75,76;,
  3;15,71,14;,
  3;71,15,76;,
  3;14,268,24;,
  3;268,14,71;,
  3;248,269,1;,
  3;1,269,0;,
  3;135,129,134;,
  3;129,135,131;,
  3;134,96,81;,
  3;96,134,129;,
  3;96,83,81;,
  3;94,96,93;,
  3;29,189,66;,
  3;205,215,246;,
  3;267,205,246;,
  3;205,267,207;,
  3;205,214,215;,
  3;187,188,270;,
  3;224,272,271;,
  3;223,221,209;,
  3;224,223,197;,
  3;271,273,262;,
  3;273,271,272;,
  3;263,275,274;,
  3;273,276,262;,
  3;277,272,278;,
  3;272,277,273;,
  3;223,271,262;,
  3;271,223,224;,
  3;223,209,197;,
  3;208,221,247;,
  3;221,208,209;,
  3;222,223,262;,
  3;266,207,279;,
  3;207,266,206;,
  3;207,280,279;,
  3;280,207,267;,
  3;280,263,274;,
  3;263,280,267;,
  3;264,262,276;,
  3;76,73,72;,
  3;138,281,140;,
  3;73,132,72;,
  3;132,73,151;,
  3;72,71,76;,
  3;272,225,278;,
  3;155,11,8;,
  3;276,277,282;,
  3;277,276,273;,
  3;275,276,282;,
  3;276,275,264;,
  3;28,141,27;,
  3;141,28,139;,
  3;139,132,138;,
  3;132,139,28;,
  3;132,281,138;,
  3;281,132,151;,
  3;281,148,283;,
  3;148,281,151;,
  3;283,149,284;,
  3;149,283,148;,
  3;7,284,149;,
  3;284,7,4;,
  3;6,79,22;,
  3;79,6,77;,
  3;77,7,74;,
  3;7,77,6;,
  3;5,3,4;,
  3;3,5,2;,
  3;285,137,82;,
  3;137,285,136;,
  3;137,81,82;,
  3;92,146,87;,
  3;146,92,144;,
  3;2,21,253;,
  3;21,2,5;,
  3;286,213,229;,
  3;251,211,286;,
  3;213,286,211;,
  3;234,216,217;,
  3;227,202,228;,
  3;202,230,228;,
  3;230,202,260;,
  3;232,220,235;,
  3;228,214,227;,
  3;26,71,25;,
  3;71,26,268;,
  3;155,142,11;,
  3;18,80,78;,
  3;80,18,254;,
  3;272,224,225;,
  3;275,263,264;,
  3;202,227,204;,
  3;232,219,220;,
  3;287,289,288;,
  3;289,287,290;,
  3;291,288,292;,
  3;288,291,287;,
  3;293,292,294;,
  3;292,293,291;,
  3;295,294,296;,
  3;294,295,293;,
  3;296,297,295;,
  3;298,290,299;,
  3;290,298,289;,
  3;300,302,301;,
  3;302,300,303;,
  3;304,300,305;,
  3;300,304,303;,
  3;306,305,307;,
  3;305,306,304;,
  3;308,306,307;,
  3;306,308,309;,
  3;308,310,309;,
  3;145,146,311;,
  3;312,314,313;,
  3;314,312,315;,
  3;316,318,317;,
  3;318,316,319;,
  3;320,322,321;,
  3;322,320,323;,
  3;324,326,325;,
  3;326,324,327;,
  3;328,324,325;,
  3;324,328,329;,
  3;330,331,328;,
  3;331,330,332;,
  3;319,22,318;,
  3;22,319,21;,
  3;327,333,326;,
  3;333,327,334;,
  3;335,337,336;,
  3;337,335,338;,
  3;339,341,340;,
  3;341,339,342;,
  3;341,344,343;,
  3;344,341,342;,
  3;345,347,346;,
  3;347,345,348;,
  3;346,350,349;,
  3;350,346,347;,
  3;348,351,347;,
  3;351,348,352;,
  3;347,353,350;,
  3;353,347,351;,
  3;352,341,351;,
  3;341,352,340;,
  3;351,343,353;,
  3;343,351,341;,
  3;354,356,355;,
  3;356,354,357;,
  3;358,360,359;,
  3;360,358,361;,
  3;361,362,360;,
  3;362,361,363;,
  3;364,366,365;,
  3;366,364,367;,
  3;365,369,368;,
  3;369,365,366;,
  3;367,370,366;,
  3;370,367,371;,
  3;366,372,369;,
  3;372,366,370;,
  3;371,360,370;,
  3;360,371,359;,
  3;370,362,372;,
  3;362,370,360;,
  3;340,331,339;,
  3;331,340,373;,
  3;64,374,332;,
  3;374,64,65;,
  3;327,376,375;,
  3;376,327,324;,
